9.250000000000000000e+02
1.450000000000000000e+02
3.970000000000000000e+02
9.900000000000000000e+02
5.200000000000000000e+02
4.170000000000000000e+02
1.603000000000000000e+03
4.530000000000000000e+02
2.073000000000000000e+03
4.880000000000000000e+02
5.490000000000000000e+02
7.440000000000000000e+02
4.740000000000000000e+02
1.220000000000000000e+03
4.210000000000000000e+02
6.440000000000000000e+02
3.780000000000000000e+02
2.229000000000000000e+03
1.373000000000000000e+03
5.860000000000000000e+02
3.140000000000000000e+02
7.890000000000000000e+02
1.374000000000000000e+03
1.426000000000000000e+03
1.556000000000000000e+03
8.310000000000000000e+02
4.680000000000000000e+02
1.137000000000000000e+03
3.740000000000000000e+02
3.360000000000000000e+02
1.415000000000000000e+03
9.000000000000000000e+02
1.928000000000000000e+03
7.460000000000000000e+02
1.814000000000000000e+03
8.260000000000000000e+02
1.295000000000000000e+03
2.580000000000000000e+02
1.076000000000000000e+03
9.720000000000000000e+02
2.980000000000000000e+02
5.240000000000000000e+02
5.180000000000000000e+02
7.340000000000000000e+02
1.013000000000000000e+03
4.250000000000000000e+02
5.300000000000000000e+02
3.220000000000000000e+02
5.360000000000000000e+02
2.145000000000000000e+03
8.040000000000000000e+02
3.308000000000000000e+03
6.170000000000000000e+02
2.851000000000000000e+03
6.400000000000000000e+02
5.050000000000000000e+02
0.000000000000000000e+00
5.760000000000000000e+02
6.690000000000000000e+02
1.147000000000000000e+03
7.260000000000000000e+02
1.563000000000000000e+03
3.490000000000000000e+02
0.000000000000000000e+00
9.190000000000000000e+02
4.400000000000000000e+02
1.134000000000000000e+03
1.227000000000000000e+03
5.880000000000000000e+02
5.310000000000000000e+02
1.078000000000000000e+03
7.450000000000000000e+02
1.111000000000000000e+03
8.170000000000000000e+02
7.150000000000000000e+02
5.360000000000000000e+02
7.560000000000000000e+02
1.590000000000000000e+03
1.100000000000000000e+03
7.290000000000000000e+02
1.443000000000000000e+03
1.791000000000000000e+03
4.150000000000000000e+02
1.468000000000000000e+03
4.230000000000000000e+02
1.978000000000000000e+03
2.490000000000000000e+02
3.380000000000000000e+02
5.420000000000000000e+02
6.760000000000000000e+02
8.390000000000000000e+02
1.683000000000000000e+03
2.544000000000000000e+03
1.340000000000000000e+02
9.780000000000000000e+02
8.100000000000000000e+02
1.439000000000000000e+03
3.410000000000000000e+02
8.650000000000000000e+02
8.710000000000000000e+02
