1 1 25 0.000269 0.000270 -0.000270
1 2 25 0.000538 0.000271 -0.000540
1 3 25 0.000809 0.000272 -0.000811
1 4 25 0.001080 0.000274 -0.001083
1 5 25 0.001354 0.000277 -0.001358
1 6 25 0.001629 0.000279 -0.001634
1 7 25 0.001905 0.000281 -0.001912
1 8 25 0.002184 0.000283 -0.002191
1 9 25 0.002463 0.000284 -0.002472
1 10 25 0.002742 0.000284 -0.002752
1 11 25 0.003020 0.000282 -0.003032
1 12 25 0.003296 0.000280 -0.003310
1 13 25 0.003568 0.000275 -0.003584
1 14 25 0.003833 0.000268 -0.003851
1 15 25 0.004090 0.000258 -0.004110
1 16 25 0.004335 0.000245 -0.004357
1 17 25 0.004565 0.000230 -0.004590
1 18 25 0.004778 0.000211 -0.004805
1 19 25 0.004971 0.000189 -0.005000
1 20 25 0.005140 0.000164 -0.005171
1 21 25 0.005282 0.000136 -0.005314
1 22 25 0.005394 0.000106 -0.005428
1 23 25 0.005476 0.000074 -0.005511
1 24 25 0.005524 0.000040 -0.005560
1 25 25 0.005537 0.000006 -0.005574
1 26 25 0.005517 -0.000028 -0.005553
1 27 25 0.005462 -0.000062 -0.005497
1 28 25 0.005374 -0.000095 -0.005408
1 29 25 0.005254 -0.000126 -0.005287
1 30 25 0.005105 -0.000154 -0.005136
1 31 25 0.004929 -0.000180 -0.004958
1 32 25 0.004728 -0.000203 -0.004755
1 33 25 0.004507 -0.000222 -0.004532
1 34 25 0.004268 -0.000239 -0.004290
1 35 25 0.004014 -0.000253 -0.004034
1 36 25 0.003748 -0.000264 -0.003766
1 37 25 0.003473 -0.000273 -0.003488
1 38 25 0.003190 -0.000279 -0.003204
1 39 25 0.002903 -0.000283 -0.002915
1 40 25 0.002613 -0.000286 -0.002623
1 41 25 0.002321 -0.000288 -0.002330
1 42 25 0.002029 -0.000289 -0.002036
1 43 25 0.001737 -0.000289 -0.001743
1 44 25 0.001445 -0.000289 -0.001450
1 45 25 0.001154 -0.000288 -0.001158
1 46 25 0.000865 -0.000288 -0.000867
1 47 25 0.000576 -0.000287 -0.000578
1 48 25 0.000288 -0.000287 -0.000289
2 1 25 0.000538 0.000540 -0.000271
2 2 25 0.001077 0.000542 -0.000542
2 3 25 0.001619 0.000546 -0.000815
2 4 25 0.002163 0.000550 -0.001089
2 5 25 0.002710 0.000554 -0.001365
2 6 25 0.003261 0.000559 -0.001643
2 7 25 0.003816 0.000563 -0.001923
2 8 25 0.004374 0.000567 -0.002205
2 9 25 0.004934 0.000569 -0.002489
2 10 25 0.005495 0.000570 -0.002774
2 11 25 0.006054 0.000568 -0.003058
2 12 25 0.006608 0.000562 -0.003340
2 13 25 0.007155 0.000553 -0.003618
2 14 25 0.007689 0.000539 -0.003891
2 15 25 0.008205 0.000520 -0.004156
2 16 25 0.008699 0.000495 -0.004409
2 17 25 0.009164 0.000463 -0.004648
2 18 25 0.009594 0.000426 -0.004870
2 19 25 0.009983 0.000382 -0.005070
2 20 25 0.010324 0.000332 -0.005246
2 21 25 0.010611 0.000276 -0.005395
2 22 25 0.010839 0.000215 -0.005513
2 23 25 0.011003 0.000150 -0.005598
2 24 25 0.011100 0.000082 -0.005649
2 25 25 0.011128 0.000012 -0.005664
2 26 25 0.011087 -0.000058 -0.005642
2 27 25 0.010976 -0.000126 -0.005585
2 28 25 0.010798 -0.000192 -0.005492
2 29 25 0.010555 -0.000254 -0.005367
2 30 25 0.010254 -0.000311 -0.005211
2 31 25 0.009898 -0.000363 -0.005028
2 32 25 0.009494 -0.000409 -0.004819
2 33 25 0.009048 -0.000449 -0.004590
2 34 25 0.008566 -0.000482 -0.004342
2 35 25 0.008054 -0.000510 -0.004080
2 36 25 0.007518 -0.000531 -0.003806
2 37 25 0.006964 -0.000548 -0.003523
2 38 25 0.006397 -0.000561 -0.003234
2 39 25 0.005820 -0.000569 -0.002941
2 40 25 0.005238 -0.000575 -0.002645
2 41 25 0.004652 -0.000578 -0.002348
2 42 25 0.004065 -0.000579 -0.002051
2 43 25 0.003479 -0.000579 -0.001754
2 44 25 0.002894 -0.000578 -0.001459
2 45 25 0.002312 -0.000577 -0.001165
2 46 25 0.001732 -0.000576 -0.000872
2 47 25 0.001153 -0.000576 -0.000581
2 48 25 0.000576 -0.000576 -0.000290
3 1 25 0.000809 0.000811 -0.000272
3 2 25 0.001619 0.000815 -0.000546
3 3 25 0.002432 0.000820 -0.000820
3 4 25 0.003250 0.000827 -0.001096
3 5 25 0.004073 0.000834 -0.001375
3 6 25 0.004903 0.000841 -0.001656
3 7 25 0.005738 0.000848 -0.001940
3 8 25 0.006579 0.000855 -0.002226
3 9 25 0.007423 0.000859 -0.002515
3 10 25 0.008269 0.000860 -0.002805
3 11 25 0.009114 0.000858 -0.003095
3 12 25 0.009952 0.000850 -0.003385
3 13 25 0.010779 0.000837 -0.003672
3 14 25 0.011588 0.000817 -0.003953
3 15 25 0.012372 0.000789 -0.004227
3 16 25 0.013122 0.000752 -0.004490
3 17 25 0.013830 0.000705 -0.004740
3 18 25 0.014484 0.000648 -0.004971
3 19 25 0.015077 0.000582 -0.005182
3 20 25 0.015597 0.000506 -0.005367
3 21 25 0.016035 0.000421 -0.005524
3 22 25 0.016383 0.000328 -0.005649
3 23 25 0.016635 0.000228 -0.005739
3 24 25 0.016784 0.000124 -0.005793
3 25 25 0.016827 0.000018 -0.005809
3 26 25 0.016763 -0.000088 -0.005786
3 27 25 0.016594 -0.000193 -0.005726
3 28 25 0.016322 -0.000293 -0.005628
3 29 25 0.015952 -0.000388 -0.005496
3 30 25 0.015492 -0.000475 -0.005332
3 31 25 0.014950 -0.000553 -0.005140
3 32 25 0.014334 -0.000623 -0.004922
3 33 25 0.013655 -0.000682 -0.004682
3 34 25 0.012923 -0.000732 -0.004424
3 35 25 0.012146 -0.000773 -0.004152
3 36 25 0.011333 -0.000806 -0.003868
3 37 25 0.010494 -0.000830 -0.003577
3 38 25 0.009636 -0.000848 -0.003280
3 39 25 0.008764 -0.000860 -0.002979
3 40 25 0.007884 -0.000868 -0.002676
3 41 25 0.007000 -0.000872 -0.002374
3 42 25 0.006115 -0.000873 -0.002072
3 43 25 0.005232 -0.000872 -0.001771
3 44 25 0.004352 -0.000870 -0.001472
3 45 25 0.003476 -0.000868 -0.001175
3 46 25 0.002603 -0.000866 -0.000879
3 47 25 0.001733 -0.000865 -0.000585
3 48 25 0.000866 -0.000865 -0.000292
4 1 25 0.001080 0.001083 -0.000274
4 2 25 0.002163 0.001089 -0.000550
4 3 25 0.003250 0.001096 -0.000827
4 4 25 0.004344 0.001106 -0.001106
4 5 25 0.005445 0.001116 -0.001387
4 6 25 0.006556 0.001127 -0.001672
4 7 25 0.007675 0.001138 -0.001961
4 8 25 0.008803 0.001147 -0.002253
4 9 25 0.009937 0.001154 -0.002548
4 10 25 0.011075 0.001157 -0.002846
4 11 25 0.012212 0.001156 -0.003145
4 12 25 0.013343 0.001147 -0.003445
4 13 25 0.014460 0.001131 -0.003743
4 14 25 0.015554 0.001106 -0.004037
4 15 25 0.016616 0.001069 -0.004324
4 16 25 0.017634 0.001020 -0.004601
4 17 25 0.018596 0.000958 -0.004865
4 18 25 0.019487 0.000883 -0.005111
4 19 25 0.020295 0.000793 -0.005336
4 20 25 0.021004 0.000690 -0.005534
4 21 25 0.021604 0.000574 -0.005703
4 22 25 0.022081 0.000448 -0.005838
4 23 25 0.022425 0.000312 -0.005935
4 24 25 0.022629 0.000170 -0.005994
4 25 25 0.022689 0.000024 -0.006011
4 26 25 0.022602 -0.000121 -0.005987
4 27 25 0.022371 -0.000264 -0.005922
4 28 25 0.021999 -0.000401 -0.005817
4 29 25 0.021494 -0.000530 -0.005676
4 30 25 0.020866 -0.000649 -0.005500
4 31 25 0.020126 -0.000755 -0.005294
4 32 25 0.019288 -0.000848 -0.005062
4 33 25 0.018364 -0.000928 -0.004807
4 34 25 0.017369 -0.000995 -0.004535
4 35 25 0.016315 -0.001048 -0.004249
4 36 25 0.015215 -0.001090 -0.003952
4 37 25 0.014081 -0.001122 -0.003648
4 38 25 0.012922 -0.001144 -0.003340
4 39 25 0.011747 -0.001159 -0.003029
4 40 25 0.010562 -0.001168 -0.002718
4 41 25 0.009374 -0.001171 -0.002407
4 42 25 0.008186 -0.001171 -0.002099
4 43 25 0.007002 -0.001169 -0.001792
4 44 25 0.005822 -0.001166 -0.001488
4 45 25 0.004649 -0.001162 -0.001187
4 46 25 0.003481 -0.001159 -0.000888
4 47 25 0.002318 -0.001157 -0.000591
4 48 25 0.001158 -0.001157 -0.000295
5 1 25 0.001354 0.001358 -0.000277
5 2 25 0.002710 0.001365 -0.000554
5 3 25 0.004073 0.001375 -0.000834
5 4 25 0.005445 0.001387 -0.001116
5 5 25 0.006828 0.001402 -0.001402
5 6 25 0.008224 0.001417 -0.001691
5 7 25 0.009632 0.001432 -0.001986
5 8 25 0.011053 0.001446 -0.002284
5 9 25 0.012484 0.001457 -0.002588
5 10 25 0.013921 0.001463 -0.002895
5 11 25 0.015361 0.001464 -0.003206
5 12 25 0.016794 0.001456 -0.003518
5 13 25 0.018214 0.001438 -0.003830
5 14 25 0.019607 0.001408 -0.004140
5 15 25 0.020962 0.001365 -0.004445
5 16 25 0.022264 0.001305 -0.004741
5 17 25 0.023496 0.001228 -0.005024
5 18 25 0.024640 0.001133 -0.005289
5 19 25 0.025679 0.001020 -0.005533
5 20 25 0.026594 0.000889 -0.005749
5 21 25 0.027368 0.000741 -0.005934
5 22 25 0.027984 0.000578 -0.006082
5 23 25 0.028430 0.000403 -0.006190
5 24 25 0.028696 0.000219 -0.006255
5 25 25 0.028774 0.000031 -0.006275
5 26 25 0.028662 -0.000158 -0.006248
5 27 25 0.028363 -0.000343 -0.006177
5 28 25 0.027883 -0.000520 -0.006062
5 29 25 0.027231 -0.000685 -0.005907
5 30 25 0.026422 -0.000837 -0.005716
5 31 25 0.025470 -0.000972 -0.005492
5 32 25 0.024392 -0.001090 -0.005241
5 33 25 0.023207 -0.001190 -0.004967
5 34 25 0.021933 -0.001273 -0.004676
5 35 25 0.020587 -0.001339 -0.004371
5 36 25 0.019185 -0.001389 -0.004057
5 37 25 0.017742 -0.001427 -0.003737
5 38 25 0.016270 -0.001452 -0.003414
5 39 25 0.014780 -0.001468 -0.003090
5 40 25 0.013282 -0.001476 -0.002768
5 41 25 0.011781 -0.001478 -0.002448
5 42 25 0.010283 -0.001476 -0.002131
5 43 25 0.008791 -0.001472 -0.001817
5 44 25 0.007308 -0.001466 -0.001508
5 45 25 0.005833 -0.001460 -0.001201
5 46 25 0.004367 -0.001455 -0.000898
5 47 25 0.002907 -0.001452 -0.000597
5 48 25 0.001452 -0.001451 -0.000298
6 1 25 0.001629 0.001634 -0.000279
6 2 25 0.003261 0.001643 -0.000559
6 3 25 0.004903 0.001656 -0.000841
6 4 25 0.006556 0.001672 -0.001127
6 5 25 0.008224 0.001691 -0.001417
6 6 25 0.009909 0.001712 -0.001712
6 7 25 0.011612 0.001733 -0.002013
6 8 25 0.013332 0.001752 -0.002319
6 9 25 0.015068 0.001769 -0.002632
6 10 25 0.016816 0.001780 -0.002951
6 11 25 0.018569 0.001785 -0.003275
6 12 25 0.020320 0.001779 -0.003603
6 13 25 0.022057 0.001762 -0.003933
6 14 25 0.023767 0.001730 -0.004263
6 15 25 0.025434 0.001680 -0.004590
6 16 25 0.027040 0.001611 -0.004909
6 17 25 0.028563 0.001520 -0.005216
6 18 25 0.029983 0.001406 -0.005507
6 19 25 0.031274 0.001268 -0.005775
6 20 25 0.032414 0.001107 -0.006015
6 21 25 0.033380 0.000924 -0.006220
6 22 25 0.034152 0.000721 -0.006386
6 23 25 0.034711 0.000503 -0.006507
6 24 25 0.035044 0.000273 -0.006581
6 25 25 0.035143 0.000037 -0.006603
6 26 25 0.035004 -0.000199 -0.006574
6 27 25 0.034631 -0.000430 -0.006494
6 28 25 0.034031 -0.000651 -0.006366
6 29 25 0.033218 -0.000856 -0.006194
6 30 25 0.032208 -0.001044 -0.005981
6 31 25 0.031024 -0.001209 -0.005734
6 32 25 0.029686 -0.001353 -0.005459
6 33 25 0.028219 -0.001473 -0.005160
6 34 25 0.026645 -0.001571 -0.004844
6 35 25 0.024986 -0.001648 -0.004516
6 36 25 0.023263 -0.001706 -0.004181
6 37 25 0.021493 -0.001748 -0.003841
6 38 25 0.019693 -0.001775 -0.003500
6 39 25 0.017875 -0.001790 -0.003161
6 40 25 0.016051 -0.001796 -0.002825
6 41 25 0.014227 -0.001795 -0.002493
6 42 25 0.012411 -0.001789 -0.002167
6 43 25 0.010605 -0.001781 -0.001845
6 44 25 0.008811 -0.001771 -0.001529
6 45 25 0.007030 -0.001762 -0.001217
6 46 25 0.005261 -0.001755 -0.000909
6 47 25 0.003502 -0.001750 -0.000604
6 48 25 0.001749 -0.001748 -0.000302
7 1 25 0.001905 0.001912 -0.000281
7 2 25 0.003816 0.001923 -0.000563
7 3 25 0.005738 0.001940 -0.000848
7 4 25 0.007675 0.001961 -0.001138
7 5 25 0.009632 0.001986 -0.001432
7 6 25 0.011612 0.002013 -0.001733
7 7 25 0.013615 0.002041 -0.002041
7 8 25 0.015644 0.002068 -0.002356
7 9 25 0.017695 0.002092 -0.002680
7 10 25 0.019764 0.002110 -0.003012
7 11 25 0.021846 0.002121 -0.003352
7 12 25 0.023930 0.002121 -0.003698
7 13 25 0.026004 0.002106 -0.004050
7 14 25 0.028052 0.002073 -0.004403
7 15 25 0.030054 0.002020 -0.004756
7 16 25 0.031990 0.001943 -0.005104
7 17 25 0.033832 0.001838 -0.005442
7 18 25 0.035553 0.001705 -0.005764
7 19 25 0.037125 0.001542 -0.006063
7 20 25 0.038516 0.001350 -0.006332
7 21 25 0.039698 0.001129 -0.006565
7 22 25 0.040644 0.000883 -0.006753
7 23 25 0.041332 0.000616 -0.006892
7 24 25 0.041742 0.000334 -0.006976
7 25 25 0.041865 0.000044 -0.007003
7 26 25 0.041696 -0.000246 -0.006970
7 27 25 0.041239 -0.000529 -0.006879
7 28 25 0.040504 -0.000799 -0.006734
7 29 25 0.039509 -0.001049 -0.006539
7 30 25 0.038277 -0.001275 -0.006299
7 31 25 0.036835 -0.001473 -0.006023
7 32 25 0.035210 -0.001643 -0.005716
7 33 25 0.033433 -0.001783 -0.005387
7 34 25 0.031532 -0.001896 -0.005041
7 35 25 0.029535 -0.001983 -0.004684
7 36 25 0.027467 -0.002046 -0.004322
7 37 25 0.025349 -0.002089 -0.003959
7 38 25 0.023202 -0.002115 -0.003597
7 39 25 0.021040 -0.002127 -0.003239
7 40 25 0.018875 -0.002128 -0.002888
7 41 25 0.016717 -0.002122 -0.002543
7 42 25 0.014572 -0.002111 -0.002205
7 43 25 0.012444 -0.002097 -0.001874
7 44 25 0.010333 -0.002083 -0.001550
7 45 25 0.008241 -0.002069 -0.001232
7 46 25 0.006165 -0.002058 -0.000920
7 47 25 0.004102 -0.002051 -0.000611
7 48 25 0.002049 -0.002048 -0.000305
8 1 25 0.002184 0.002191 -0.000283
8 2 25 0.004374 0.002205 -0.000567
8 3 25 0.006579 0.002226 -0.000855
8 4 25 0.008803 0.002253 -0.001147
8 5 25 0.011053 0.002284 -0.001446
8 6 25 0.013332 0.002319 -0.001752
8 7 25 0.015644 0.002356 -0.002068
8 8 25 0.017989 0.002393 -0.002393
8 9 25 0.020366 0.002427 -0.002729
8 10 25 0.022771 0.002455 -0.003076
8 11 25 0.025197 0.002475 -0.003433
8 12 25 0.027633 0.002482 -0.003800
8 13 25 0.030066 0.002474 -0.004176
8 14 25 0.032478 0.002444 -0.004558
8 15 25 0.034845 0.002390 -0.004943
8 16 25 0.037140 0.002307 -0.005325
8 17 25 0.039334 0.002191 -0.005700
8 18 25 0.041392 0.002039 -0.006060
8 19 25 0.043277 0.001850 -0.006398
8 20 25 0.044953 0.001624 -0.006705
8 21 25 0.046381 0.001361 -0.006972
8 22 25 0.047527 0.001066 -0.007190
8 23 25 0.048362 0.000744 -0.007351
8 24 25 0.048862 0.000403 -0.007449
8 25 25 0.049013 0.000051 -0.007481
8 26 25 0.048810 -0.000301 -0.007443
8 27 25 0.048257 -0.000644 -0.007339
8 28 25 0.047368 -0.000970 -0.007171
8 29 25 0.046167 -0.001269 -0.006947
8 30 25 0.044682 -0.001537 -0.006673
8 31 25 0.042949 -0.001770 -0.006359
8 32 25 0.041002 -0.001967 -0.006014
8 33 25 0.038881 -0.002127 -0.005646
8 34 25 0.036621 -0.002253 -0.005263
8 35 25 0.034254 -0.002346 -0.004872
8 36 25 0.031813 -0.002412 -0.004478
8 37 25 0.029323 -0.002454 -0.004087
8 38 25 0.026806 -0.002475 -0.003701
8 39 25 0.024280 -0.002481 -0.003322
8 40 25 0.021759 -0.002476 -0.002953
8 41 25 0.019253 -0.002462 -0.002593
8 42 25 0.016769 -0.002443 -0.002243
8 43 25 0.014309 -0.002421 -0.001903
8 44 25 0.011875 -0.002400 -0.001571
8 45 25 0.009466 -0.002381 -0.001247
8 46 25 0.007078 -0.002366 -0.000930
8 47 25 0.004709 -0.002355 -0.000617
8 48 25 0.002351 -0.002350 -0.000308
9 1 25 0.002463 0.002472 -0.000284
9 2 25 0.004934 0.002489 -0.000569
9 3 25 0.007423 0.002515 -0.000859
9 4 25 0.009937 0.002548 -0.001154
9 5 25 0.012484 0.002588 -0.001457
9 6 25 0.015068 0.002632 -0.001769
9 7 25 0.017695 0.002680 -0.002092
9 8 25 0.020366 0.002729 -0.002427
9 9 25 0.023081 0.002775 -0.002775
9 10 25 0.025836 0.002817 -0.003138
9 11 25 0.028624 0.002849 -0.003515
9 12 25 0.031436 0.002868 -0.003906
9 13 25 0.034254 0.002869 -0.004310
9 14 25 0.037058 0.002847 -0.004724
9 15 25 0.039823 0.002795 -0.005146
9 16 25 0.042516 0.002709 -0.005569
9 17 25 0.045102 0.002584 -0.005989
9 18 25 0.047539 0.002416 -0.006397
9 19 25 0.049781 0.002201 -0.006783
9 20 25 0.051782 0.001938 -0.007137
9 21 25 0.053494 0.001630 -0.007447
9 22 25 0.054873 0.001279 -0.007703
9 23 25 0.055881 0.000894 -0.007893
9 24 25 0.056487 0.000483 -0.008010
9 25 25 0.056671 0.000058 -0.008047
9 26 25 0.056428 -0.000367 -0.008004
9 27 25 0.055763 -0.000780 -0.007881
9 28 25 0.054696 -0.001169 -0.007684
9 29 25 0.053255 -0.001524 -0.007422
9 30 25 0.051480 -0.001839 -0.007105
9 31 25 0.049414 -0.002109 -0.006745
9 32 25 0.047104 -0.002333 -0.006351
9 33 25 0.044597 -0.002512 -0.005936
9 34 25 0.041936 -0.002648 -0.005509
9 35 25 0.039164 -0.002745 -0.005077
9 36 25 0.036316 -0.002810 -0.004646
9 37 25 0.033423 -0.002846 -0.004223
9 38 25 0.030511 -0.002860 -0.003808
9 39 25 0.027600 -0.002856 -0.003406
9 40 25 0.024705 -0.002840 -0.003017
9 41 25 0.021836 -0.002815 -0.002642
9 42 25 0.018999 -0.002785 -0.002279
9 43 25 0.016199 -0.002754 -0.001929
9 44 25 0.013434 -0.002724 -0.001590
9 45 25 0.010702 -0.002698 -0.001260
9 46 25 0.007999 -0.002677 -0.000938
9 47 25 0.005320 -0.002662 -0.000622
9 48 25 0.002656 -0.002655 -0.000310
10 1 25 0.002742 0.002752 -0.000284
10 2 25 0.005495 0.002774 -0.000570
10 3 25 0.008269 0.002805 -0.000860
10 4 25 0.011075 0.002846 -0.001157
10 5 25 0.013921 0.002895 -0.001463
10 6 25 0.016816 0.002951 -0.001780
10 7 25 0.019764 0.003012 -0.002110
10 8 25 0.022771 0.003076 -0.002455
10 9 25 0.025836 0.003138 -0.002817
10 10 25 0.028957 0.003196 -0.003196
10 11 25 0.032128 0.003245 -0.003594
10 12 25 0.035338 0.003281 -0.004011
10 13 25 0.038571 0.003296 -0.004446
10 14 25 0.041802 0.003286 -0.004897
10 15 25 0.045004 0.003242 -0.005361
10 16 25 0.048140 0.003159 -0.005833
10 17 25 0.051166 0.003028 -0.006307
10 18 25 0.054032 0.002844 -0.006772
10 19 25 0.056684 0.002603 -0.007217
10 20 25 0.059062 0.002303 -0.007630
10 21 25 0.061107 0.001943 -0.007996
10 22 25 0.062762 0.001529 -0.008300
10 23 25 0.063975 0.001070 -0.008528
10 24 25 0.064707 0.000577 -0.008669
10 25 25 0.064933 0.000066 -0.008715
10 26 25 0.064643 -0.000446 -0.008663
10 27 25 0.063846 -0.000942 -0.008516
10 28 25 0.062566 -0.001405 -0.008282
10 29 25 0.060845 -0.001825 -0.007972
10 30 25 0.058731 -0.002191 -0.007600
10 31 25 0.056281 -0.002501 -0.007180
10 32 25 0.053554 -0.002751 -0.006728
10 33 25 0.050610 -0.002946 -0.006256
10 34 25 0.047501 -0.003089 -0.005775
10 35 25 0.044279 -0.003186 -0.005294
10 36 25 0.040985 -0.003244 -0.004821
10 37 25 0.037656 -0.003270 -0.004361
10 38 25 0.034320 -0.003271 -0.003916
10 39 25 0.030999 -0.003253 -0.003488
10 40 25 0.027709 -0.003221 -0.003078
10 41 25 0.024461 -0.003182 -0.002686
10 42 25 0.021261 -0.003139 -0.002311
10 43 25 0.018110 -0.003095 -0.001951
10 44 25 0.015007 -0.003055 -0.001604
10 45 25 0.011948 -0.003019 -0.001269
10 46 25 0.008926 -0.002991 -0.000944
10 47 25 0.005934 -0.002972 -0.000625
10 48 25 0.002962 -0.002962 -0.000311
11 1 25 0.003020 0.003032 -0.000282
11 2 25 0.006054 0.003058 -0.000568
11 3 25 0.009114 0.003095 -0.000858
11 4 25 0.012212 0.003145 -0.001156
11 5 25 0.015361 0.003206 -0.001464
11 6 25 0.018569 0.003275 -0.001785
11 7 25 0.021846 0.003352 -0.002121
11 8 25 0.025197 0.003433 -0.002475
11 9 25 0.028624 0.003515 -0.002849
11 10 25 0.032128 0.003594 -0.003245
11 11 25 0.035703 0.003665 -0.003665
11 12 25 0.039338 0.003722 -0.004110
11 13 25 0.043017 0.003759 -0.004578
11 14 25 0.046714 0.003767 -0.005071
11 15 25 0.050398 0.003738 -0.005584
11 16 25 0.054028 0.003662 -0.006112
11 17 25 0.057552 0.003532 -0.006649
11 18 25 0.060911 0.003337 -0.007183
11 19 25 0.064038 0.003072 -0.007702
11 20 25 0.066859 0.002731 -0.008190
11 21 25 0.069299 0.002315 -0.008626
11 22 25 0.071282 0.001828 -0.008993
11 23 25 0.072744 0.001281 -0.009271
11 24 25 0.073629 0.000689 -0.009443
11 25 25 0.073905 0.000073 -0.009500
11 26 25 0.073559 -0.000543 -0.009438
11 27 25 0.072603 -0.001138 -0.009259
11 28 25 0.071070 -0.001690 -0.008976
11 29 25 0.069013 -0.002183 -0.008603
11 30 25 0.066499 -0.002607 -0.008160
11 31 25 0.063600 -0.002957 -0.007667
11 32 25 0.060391 -0.003233 -0.007141
11 33 25 0.056947 -0.003440 -0.006600
11 34 25 0.053333 -0.003585 -0.006056
11 35 25 0.049609 -0.003675 -0.005519
11 36 25 0.045824 -0.003720 -0.004998
11 37 25 0.042020 -0.003729 -0.004496
11 38 25 0.038228 -0.003711 -0.004017
11 39 25 0.034471 -0.003673 -0.003562
11 40 25 0.030766 -0.003622 -0.003131
11 41 25 0.027123 -0.003563 -0.002722
11 42 25 0.023547 -0.003503 -0.002334
11 43 25 0.020037 -0.003444 -0.001965
11 44 25 0.016589 -0.003390 -0.001612
11 45 25 0.013198 -0.003344 -0.001273
11 46 25 0.009855 -0.003307 -0.000945
11 47 25 0.006549 -0.003282 -0.000625
11 48 25 0.003268 -0.003269 -0.000311
12 1 25 0.003296 0.003310 -0.000280
12 2 25 0.006608 0.003340 -0.000562
12 3 25 0.009952 0.003385 -0.000850
12 4 25 0.013343 0.003445 -0.001147
12 5 25 0.016794 0.003518 -0.001456
12 6 25 0.020320 0.003603 -0.001779
12 7 25 0.023930 0.003698 -0.002121
12 8 25 0.027633 0.003800 -0.002482
12 9 25 0.031436 0.003906 -0.002868
12 10 25 0.035338 0.004011 -0.003281
12 11 25 0.039338 0.004110 -0.003722
12 12 25 0.043426 0.004195 -0.004195
12 13 25 0.047586 0.004260 -0.004700
12 14 25 0.051792 0.004295 -0.005238
12 15 25 0.056009 0.004289 -0.005805
12 16 25 0.060193 0.004230 -0.006398
12 17 25 0.064283 0.004108 -0.007010
12 18 25 0.068211 0.003908 -0.007628
12 19 25 0.071894 0.003621 -0.008237
12 20 25 0.075240 0.003240 -0.008818
12 21 25 0.078153 0.002761 -0.009346
12 22 25 0.080536 0.002190 -0.009794
12 23 25 0.082302 0.001538 -0.010138
12 24 25 0.083378 0.000826 -0.010353
12 25 25 0.083717 0.000081 -0.010425
12 26 25 0.083302 -0.000665 -0.010348
12 27 25 0.082151 -0.001380 -0.010127
12 28 25 0.080308 -0.002037 -0.009778
12 29 25 0.077846 -0.002616 -0.009324
12 30 25 0.074852 -0.003103 -0.008790
12 31 25 0.071421 -0.003495 -0.008203
12 32 25 0.067651 -0.003793 -0.007587
12 33 25 0.063631 -0.004006 -0.006962
12 34 25 0.059444 -0.004145 -0.006344
12 35 25 0.055158 -0.004219 -0.005743
12 36 25 0.050832 -0.004243 -0.005167
12 37 25 0.046510 -0.004227 -0.004621
12 38 25 0.042228 -0.004182 -0.004106
12 39 25 0.038008 -0.004117 -0.003623
12 40 25 0.033867 -0.004041 -0.003170
12 41 25 0.029812 -0.003959 -0.002745
12 42 25 0.025848 -0.003877 -0.002346
12 43 25 0.021970 -0.003799 -0.001969
12 44 25 0.018173 -0.003730 -0.001611
12 45 25 0.014447 -0.003671 -0.001270
12 46 25 0.010781 -0.003624 -0.000941
12 47 25 0.007161 -0.003592 -0.000622
12 48 25 0.003573 -0.003574 -0.000309
13 1 25 0.003568 0.003584 -0.000275
13 2 25 0.007155 0.003618 -0.000553
13 3 25 0.010779 0.003672 -0.000837
13 4 25 0.014460 0.003743 -0.001131
13 5 25 0.018214 0.003830 -0.001438
13 6 25 0.022057 0.003933 -0.001762
13 7 25 0.026004 0.004050 -0.002106
13 8 25 0.030066 0.004176 -0.002474
13 9 25 0.034254 0.004310 -0.002869
13 10 25 0.038571 0.004446 -0.003296
13 11 25 0.043017 0.004578 -0.003759
13 12 25 0.047586 0.004700 -0.004260
13 13 25 0.052263 0.004803 -0.004803
13 14 25 0.057024 0.004874 -0.005388
13 15 25 0.061832 0.004902 -0.006015
13 16 25 0.066637 0.004873 -0.006681
13 17 25 0.071374 0.004769 -0.007379
13 18 25 0.075961 0.004574 -0.008098
13 19 25 0.080299 0.004272 -0.008819
13 20 25 0.084275 0.003852 -0.009517
13 21 25 0.087764 0.003306 -0.010163
13 22 25 0.090640 0.002636 -0.010720
13 23 25 0.092784 0.001857 -0.011152
13 24 25 0.094099 0.000995 -0.011426
13 25 25 0.094518 0.000089 -0.011519
13 26 25 0.094019 -0.000819 -0.011421
13 27 25 0.092623 -0.001684 -0.011142
13 28 25 0.090396 -0.002469 -0.010705
13 29 25 0.087436 -0.003146 -0.010142
13 30 25 0.083860 -0.003702 -0.009491
13 31 25 0.079795 -0.004134 -0.008786
13 32 25 0.075363 -0.004448 -0.008060
13 33 25 0.070678 -0.004658 -0.007335
13 34 25 0.065837 -0.004778 -0.006630
13 35 25 0.060922 -0.004826 -0.005956
13 36 25 0.055997 -0.004817 -0.005321
13 37 25 0.051112 -0.004766 -0.004727
13 38 25 0.046303 -0.004686 -0.004175
13 39 25 0.041592 -0.004587 -0.003664
13 40 25 0.036993 -0.004478 -0.003190
13 41 25 0.032513 -0.004367 -0.002751
13 42 25 0.028150 -0.004259 -0.002342
13 43 25 0.023899 -0.004160 -0.001960
13 44 25 0.019749 -0.004072 -0.001599
13 45 25 0.015688 -0.003997 -0.001258
13 46 25 0.011700 -0.003939 -0.000931
13 47 25 0.007768 -0.003899 -0.000615
13 48 25 0.003874 -0.003877 -0.000305
14 1 25 0.003833 0.003851 -0.000268
14 2 25 0.007689 0.003891 -0.000539
14 3 25 0.011588 0.003953 -0.000817
14 4 25 0.015554 0.004037 -0.001106
14 5 25 0.019607 0.004140 -0.001408
14 6 25 0.023767 0.004263 -0.001730
14 7 25 0.028052 0.004403 -0.002073
14 8 25 0.032478 0.004558 -0.002444
14 9 25 0.037058 0.004724 -0.002847
14 10 25 0.041802 0.004897 -0.003286
14 11 25 0.046714 0.005071 -0.003767
14 12 25 0.051792 0.005238 -0.004295
14 13 25 0.057024 0.005388 -0.004874
14 14 25 0.062388 0.005509 -0.005509
14 15 25 0.067848 0.005585 -0.006200
14 16 25 0.073353 0.005599 -0.006947
14 17 25 0.078829 0.005530 -0.007745
14 18 25 0.084184 0.005355 -0.008582
14 19 25 0.089299 0.005050 -0.009439
14 20 25 0.094035 0.004596 -0.010287
14 21 25 0.098233 0.003978 -0.011087
14 22 25 0.101726 0.003195 -0.011790
14 23 25 0.104352 0.002261 -0.012345
14 24 25 0.105973 0.001211 -0.012700
14 25 25 0.106496 0.000096 -0.012822
14 26 25 0.105888 -0.001019 -0.012696
14 27 25 0.104181 -0.002073 -0.012335
14 28 25 0.101468 -0.003013 -0.011776
14 29 25 0.097885 -0.003804 -0.011067
14 30 25 0.093595 -0.004432 -0.010262
14 31 25 0.088764 -0.004899 -0.009409
14 32 25 0.083549 -0.005218 -0.008546
14 33 25 0.078090 -0.005410 -0.007703
14 34 25 0.072504 -0.005497 -0.006898
14 35 25 0.066882 -0.005502 -0.006144
14 36 25 0.061298 -0.005446 -0.005445
14 37 25 0.055802 -0.005347 -0.004803
14 38 25 0.050428 -0.005221 -0.004214
14 39 25 0.045199 -0.005079 -0.003677
14 40 25 0.040124 -0.004931 -0.003185
14 41 25 0.035205 -0.004786 -0.002734
14 42 25 0.030436 -0.004648 -0.002319
14 43 25 0.025807 -0.004522 -0.001934
14 44 25 0.021304 -0.004413 -0.001574
14 45 25 0.016909 -0.004322 -0.001235
14 46 25 0.012602 -0.004251 -0.000912
14 47 25 0.008363 -0.004201 -0.000602
14 48 25 0.004170 -0.004174 -0.000299
15 1 25 0.004090 0.004110 -0.000258
15 2 25 0.008205 0.004156 -0.000520
15 3 25 0.012372 0.004227 -0.000789
15 4 25 0.016616 0.004324 -0.001069
15 5 25 0.020962 0.004445 -0.001365
15 6 25 0.025434 0.004590 -0.001680
15 7 25 0.030054 0.004756 -0.002020
15 8 25 0.034845 0.004943 -0.002390
15 9 25 0.039823 0.005146 -0.002795
15 10 25 0.045004 0.005361 -0.003242
15 11 25 0.050398 0.005584 -0.003738
15 12 25 0.056009 0.005805 -0.004289
15 13 25 0.061832 0.006015 -0.004902
15 14 25 0.067848 0.006200 -0.005585
15 15 25 0.074026 0.006343 -0.006343
15 16 25 0.080314 0.006421 -0.007177
15 17 25 0.086635 0.006409 -0.008087
15 18 25 0.092886 0.006275 -0.009063
15 19 25 0.098928 0.005986 -0.010086
15 20 25 0.104591 0.005510 -0.011123
15 21 25 0.109673 0.004821 -0.012126
15 22 25 0.113950 0.003908 -0.013028
15 23 25 0.117199 0.002784 -0.013754
15 24 25 0.119223 0.001491 -0.014228
15 25 25 0.119884 0.000104 -0.014391
15 26 25 0.119133 -0.001284 -0.014223
15 27 25 0.117019 -0.002581 -0.013745
15 28 25 0.113678 -0.003712 -0.013014
15 29 25 0.109307 -0.004634 -0.012107
15 30 25 0.104129 -0.005334 -0.011100
15 31 25 0.098365 -0.005823 -0.010058
15 32 25 0.092218 -0.006127 -0.009029
15 33 25 0.085857 -0.006278 -0.008047
15 34 25 0.079419 -0.006310 -0.007131
15 35 25 0.073008 -0.006252 -0.006290
15 36 25 0.066699 -0.006132 -0.005526
15 37 25 0.060543 -0.005971 -0.004835
15 38 25 0.054571 -0.005786 -0.004213
15 39 25 0.048799 -0.005592 -0.003653
15 40 25 0.043232 -0.005397 -0.003147
15 41 25 0.037864 -0.005211 -0.002689
15 42 25 0.032685 -0.005039 -0.002271
15 43 25 0.027678 -0.004884 -0.001888
15 44 25 0.022824 -0.004751 -0.001532
15 45 25 0.018099 -0.004641 -0.001200
15 46 25 0.013481 -0.004555 -0.000885
15 47 25 0.008942 -0.004496 -0.000583
15 48 25 0.004458 -0.004463 -0.000289
16 1 25 0.004335 0.004357 -0.000245
16 2 25 0.008699 0.004409 -0.000495
16 3 25 0.013122 0.004490 -0.000752
16 4 25 0.017634 0.004601 -0.001020
16 5 25 0.022264 0.004741 -0.001305
16 6 25 0.027040 0.004909 -0.001611
16 7 25 0.031990 0.005104 -0.001943
16 8 25 0.037140 0.005325 -0.002307
16 9 25 0.042516 0.005569 -0.002709
16 10 25 0.048140 0.005833 -0.003159
16 11 25 0.054028 0.006112 -0.003662
16 12 25 0.060193 0.006398 -0.004230
16 13 25 0.066637 0.006681 -0.004873
16 14 25 0.073353 0.006947 -0.005599
16 15 25 0.080314 0.007177 -0.006421
16 16 25 0.087474 0.007345 -0.007345
16 17 25 0.094758 0.007420 -0.008377
16 18 25 0.102053 0.007359 -0.009512
16 19 25 0.109204 0.007118 -0.010734
16 20 25 0.116005 0.006645 -0.012010
16 21 25 0.122200 0.005894 -0.013281
16 22 25 0.127492 0.004837 -0.014459
16 23 25 0.131565 0.003476 -0.015433
16 24 25 0.134132 0.001866 -0.016083
16 25 25 0.134982 0.000111 -0.016311
16 26 25 0.134038 -0.001645 -0.016079
16 27 25 0.131377 -0.003259 -0.015425
16 28 25 0.127208 -0.004626 -0.014447
16 29 25 0.121818 -0.005693 -0.013264
16 30 25 0.115521 -0.006456 -0.011989
16 31 25 0.108615 -0.006943 -0.010708
16 32 25 0.101354 -0.007201 -0.009481
16 33 25 0.093943 -0.007280 -0.008340
16 34 25 0.086537 -0.007226 -0.007303
16 35 25 0.079248 -0.007080 -0.006373
16 36 25 0.072149 -0.006874 -0.005545
16 37 25 0.065286 -0.006634 -0.004811
16 38 25 0.058684 -0.006378 -0.004161
16 39 25 0.052350 -0.006120 -0.003584
16 40 25 0.046279 -0.005871 -0.003070
16 41 25 0.040459 -0.005639 -0.002611
16 42 25 0.034870 -0.005427 -0.002196
16 43 25 0.029490 -0.005240 -0.001819
16 44 25 0.024291 -0.005081 -0.001472
16 45 25 0.019246 -0.004950 -0.001150
16 46 25 0.014325 -0.004850 -0.000847
16 47 25 0.009498 -0.004780 -0.000557
16 48 25 0.004733 -0.004741 -0.000276
17 1 25 0.004565 0.004590 -0.000230
17 2 25 0.009164 0.004648 -0.000463
17 3 25 0.013830 0.004740 -0.000705
17 4 25 0.018596 0.004865 -0.000958
17 5 25 0.023496 0.005024 -0.001228
17 6 25 0.028563 0.005216 -0.001520
17 7 25 0.033832 0.005442 -0.001838
17 8 25 0.039334 0.005700 -0.002191
17 9 25 0.045102 0.005989 -0.002584
17 10 25 0.051166 0.006307 -0.003028
17 11 25 0.057552 0.006649 -0.003532
17 12 25 0.064283 0.007010 -0.004108
17 13 25 0.071374 0.007379 -0.004769
17 14 25 0.078829 0.007745 -0.005530
17 15 25 0.086635 0.008087 -0.006409
17 16 25 0.094758 0.008377 -0.007420
17 17 25 0.103129 0.008577 -0.008577
17 18 25 0.111637 0.008636 -0.009887
17 19 25 0.120113 0.008491 -0.011344
17 20 25 0.128319 0.008065 -0.012919
17 21 25 0.135933 0.007280 -0.014546
17 22 25 0.142560 0.006072 -0.016112
17 23 25 0.147752 0.004422 -0.017454
17 24 25 0.151073 0.002385 -0.018377
17 25 25 0.152190 0.000119 -0.018708
17 26 25 0.150975 -0.002150 -0.018373
17 27 25 0.147557 -0.004190 -0.017446
17 28 25 0.142265 -0.005848 -0.016100
17 29 25 0.135535 -0.007066 -0.014530
17 30 25 0.127815 -0.007864 -0.012900
17 31 25 0.119500 -0.008305 -0.011321
17 32 25 0.110909 -0.008467 -0.009859
17 33 25 0.102281 -0.008428 -0.008544
17 34 25 0.093783 -0.008250 -0.007381
17 35 25 0.085525 -0.007983 -0.006365
17 36 25 0.077575 -0.007667 -0.005480
17 37 25 0.069967 -0.007329 -0.004712
17 38 25 0.062711 -0.006987 -0.004044
17 39 25 0.055802 -0.006657 -0.003460
17 40 25 0.049224 -0.006346 -0.002947
17 41 25 0.042954 -0.006062 -0.002494
17 42 25 0.036962 -0.005808 -0.002089
17 43 25 0.031218 -0.005586 -0.001724
17 44 25 0.025687 -0.005399 -0.001392
17 45 25 0.020334 -0.005247 -0.001085
17 46 25 0.015125 -0.005130 -0.000797
17 47 25 0.010024 -0.005049 -0.000524
17 48 25 0.004994 -0.005003 -0.000260
18 1 25 0.004778 0.004805 -0.000211
18 2 25 0.009594 0.004870 -0.000426
18 3 25 0.014484 0.004971 -0.000648
18 4 25 0.019487 0.005111 -0.000883
18 5 25 0.024640 0.005289 -0.001133
18 6 25 0.029983 0.005507 -0.001406
18 7 25 0.035553 0.005764 -0.001705
18 8 25 0.041392 0.006060 -0.002039
18 9 25 0.047539 0.006397 -0.002416
18 10 25 0.054032 0.006772 -0.002844
18 11 25 0.060911 0.007183 -0.003337
18 12 25 0.068211 0.007628 -0.003908
18 13 25 0.075961 0.008098 -0.004574
18 14 25 0.084184 0.008582 -0.005355
18 15 25 0.092886 0.009063 -0.006275
18 16 25 0.102053 0.009512 -0.007359
18 17 25 0.111637 0.009887 -0.008636
18 18 25 0.121540 0.010129 -0.010129
18 19 25 0.131593 0.010154 -0.011851
18 20 25 0.141533 0.009852 -0.013790
18 21 25 0.150973 0.009095 -0.015886
18 22 25 0.159389 0.007756 -0.018003
18 23 25 0.166142 0.005755 -0.019909
18 24 25 0.170552 0.003136 -0.021279
18 25 25 0.172063 0.000125 -0.021787
18 26 25 0.170451 -0.002887 -0.021276
18 27 25 0.165940 -0.005511 -0.019902
18 28 25 0.159084 -0.007519 -0.017993
18 29 25 0.150561 -0.008869 -0.015872
18 30 25 0.141012 -0.009639 -0.013772
18 31 25 0.130959 -0.009957 -0.011830
18 32 25 0.120787 -0.009951 -0.010104
18 33 25 0.110759 -0.009730 -0.008606
18 34 25 0.101044 -0.009377 -0.007325
18 35 25 0.091737 -0.008953 -0.006235
18 36 25 0.082885 -0.008499 -0.005310
18 37 25 0.074503 -0.008044 -0.004523
18 38 25 0.066581 -0.007604 -0.003850
18 39 25 0.059096 -0.007191 -0.003272
18 40 25 0.052018 -0.006813 -0.002772
18 41 25 0.045308 -0.006473 -0.002334
18 42 25 0.038928 -0.006173 -0.001947
18 43 25 0.032835 -0.005915 -0.001602
18 44 25 0.026989 -0.005699 -0.001290
18 45 25 0.021347 -0.005525 -0.001003
18 46 25 0.015869 -0.005391 -0.000736
18 47 25 0.010512 -0.005299 -0.000483
18 48 25 0.005236 -0.005247 -0.000239
19 1 25 0.004971 0.005000 -0.000189
19 2 25 0.009983 0.005070 -0.000382
19 3 25 0.015077 0.005182 -0.000582
19 4 25 0.020295 0.005336 -0.000793
19 5 25 0.025679 0.005533 -0.001020
19 6 25 0.031274 0.005775 -0.001268
19 7 25 0.037125 0.006063 -0.001542
19 8 25 0.043277 0.006398 -0.001850
19 9 25 0.049781 0.006783 -0.002201
19 10 25 0.056684 0.007217 -0.002603
19 11 25 0.064038 0.007702 -0.003072
19 12 25 0.071894 0.008237 -0.003621
19 13 25 0.080299 0.008819 -0.004272
19 14 25 0.089299 0.009439 -0.005050
19 15 25 0.098928 0.010086 -0.005986
19 16 25 0.109204 0.010734 -0.007118
19 17 25 0.120113 0.011344 -0.008491
19 18 25 0.131593 0.011851 -0.010154
19 19 25 0.143501 0.012154 -0.012154
19 20 25 0.155573 0.012104 -0.014517
19 21 25 0.167370 0.011500 -0.017217
19 22 25 0.178224 0.010105 -0.020120
19 23 25 0.187222 0.007709 -0.022913
19 24 25 0.193281 0.004278 -0.025058
19 25 25 0.195412 0.000132 -0.025899
19 26 25 0.193177 -0.004016 -0.025055
19 27 25 0.187014 -0.007453 -0.022907
19 28 25 0.177910 -0.009856 -0.020111
19 29 25 0.166946 -0.011263 -0.017205
19 30 25 0.155037 -0.011880 -0.014502
19 31 25 0.142849 -0.011947 -0.012135
19 32 25 0.130818 -0.011664 -0.010132
19 33 25 0.119210 -0.011179 -0.008465
19 34 25 0.108164 -0.010593 -0.007088
19 35 25 0.097744 -0.009971 -0.005952
19 36 25 0.087961 -0.009352 -0.005011
19 37 25 0.078796 -0.008761 -0.004228
19 38 25 0.070213 -0.008211 -0.003571
19 39 25 0.062166 -0.007710 -0.003015
19 40 25 0.054605 -0.007260 -0.002539
19 41 25 0.047477 -0.006862 -0.002129
19 42 25 0.040731 -0.006516 -0.001769
19 43 25 0.034314 -0.006221 -0.001451
19 44 25 0.028177 -0.005976 -0.001165
19 45 25 0.022269 -0.005779 -0.000905
19 46 25 0.016544 -0.005630 -0.000663
19 47 25 0.010954 -0.005526 -0.000435
19 48 25 0.005455 -0.005468 -0.000215
20 1 25 0.005140 0.005171 -0.000164
20 2 25 0.010324 0.005246 -0.000332
20 3 25 0.015597 0.005367 -0.000506
20 4 25 0.021004 0.005534 -0.000690
20 5 25 0.026594 0.005749 -0.000889
20 6 25 0.032414 0.006015 -0.001107
20 7 25 0.038516 0.006332 -0.001350
20 8 25 0.044953 0.006705 -0.001624
20 9 25 0.051782 0.007137 -0.001938
20 10 25 0.059062 0.007630 -0.002303
20 11 25 0.066859 0.008190 -0.002731
20 12 25 0.075240 0.008818 -0.003240
20 13 25 0.084275 0.009517 -0.003852
20 14 25 0.094035 0.010287 -0.004596
20 15 25 0.104591 0.011123 -0.005510
20 16 25 0.116005 0.012010 -0.006645
20 17 25 0.128319 0.012919 -0.008065
20 18 25 0.141533 0.013790 -0.009852
20 19 25 0.155573 0.014517 -0.012104
20 20 25 0.170228 0.014918 -0.014918
20 21 25 0.185058 0.014703 -0.018358
20 22 25 0.199273 0.013458 -0.022360
20 23 25 0.211605 0.010702 -0.026576
20 24 25 0.220302 0.006135 -0.030152
20 25 25 0.223495 0.000137 -0.031710
20 26 25 0.220195 -0.005862 -0.030150
20 27 25 0.211391 -0.010435 -0.026571
20 28 25 0.198951 -0.013199 -0.022353
20 29 25 0.184624 -0.014456 -0.018347
20 30 25 0.169679 -0.014685 -0.014905
20 31 25 0.154905 -0.014302 -0.012088
20 32 25 0.140739 -0.013595 -0.009833
20 33 25 0.127393 -0.012747 -0.008043
20 34 25 0.114940 -0.011863 -0.006619
20 35 25 0.103377 -0.011003 -0.005481
20 36 25 0.092663 -0.010196 -0.004562
20 37 25 0.082732 -0.009457 -0.003814
20 38 25 0.073515 -0.008790 -0.003197
20 39 25 0.064938 -0.008197 -0.002682
20 40 25 0.056927 -0.007674 -0.002248
20 41 25 0.049415 -0.007219 -0.001876
20 42 25 0.042336 -0.006827 -0.001554
20 43 25 0.035626 -0.006497 -0.001271
20 44 25 0.029227 -0.006224 -0.001019
20 45 25 0.023083 -0.006006 -0.000789
20 46 25 0.017139 -0.005841 -0.000578
20 47 25 0.011344 -0.005727 -0.000378
20 48 25 0.005647 -0.005662 -0.000187
21 1 25 0.005282 0.005314 -0.000136
21 2 25 0.010611 0.005395 -0.000276
21 3 25 0.016035 0.005524 -0.000421
21 4 25 0.021604 0.005703 -0.000574
21 5 25 0.027368 0.005934 -0.000741
21 6 25 0.033380 0.006220 -0.000924
21 7 25 0.039698 0.006565 -0.001129
21 8 25 0.046381 0.006972 -0.001361
21 9 25 0.053494 0.007447 -0.001630
21 10 25 0.061107 0.007996 -0.001943
21 11 25 0.069299 0.008626 -0.002315
21 12 25 0.078153 0.009346 -0.002761
21 13 25 0.087764 0.010163 -0.003306
21 14 25 0.098233 0.011087 -0.003978
21 15 25 0.109673 0.012126 -0.004821
21 16 25 0.122200 0.013281 -0.005894
21 17 25 0.135933 0.014546 -0.007280
21 18 25 0.150973 0.015886 -0.009095
21 19 25 0.167370 0.017217 -0.011500
21 20 25 0.185058 0.018358 -0.014703
21 21 25 0.203723 0.018945 -0.018945
21 22 25 0.222575 0.018328 -0.024397
21 23 25 0.239998 0.015509 -0.030888
21 24 25 0.253206 0.009422 -0.037276
21 25 25 0.258452 0.000142 -0.040649
21 26 25 0.253098 -0.009140 -0.037274
21 27 25 0.239781 -0.015232 -0.030884
21 28 25 0.222247 -0.018060 -0.024391
21 29 25 0.203281 -0.018689 -0.018936
21 30 25 0.184498 -0.018117 -0.014693
21 31 25 0.166688 -0.016995 -0.011487
21 32 25 0.150163 -0.015684 -0.009080
21 33 25 0.134989 -0.014367 -0.007262
21 34 25 0.121114 -0.013129 -0.005873
21 35 25 0.108434 -0.012001 -0.004797
21 36 25 0.096833 -0.010993 -0.003951
21 37 25 0.086190 -0.010100 -0.003274
21 38 25 0.076392 -0.009317 -0.002726
21 39 25 0.067336 -0.008633 -0.002275
21 40 25 0.058926 -0.008041 -0.001898
21 41 25 0.051076 -0.007531 -0.001579
21 42 25 0.043705 -0.007098 -0.001304
21 43 25 0.036742 -0.006734 -0.001064
21 44 25 0.030118 -0.006436 -0.000851
21 45 25 0.023772 -0.006199 -0.000659
21 46 25 0.017642 -0.006020 -0.000481
21 47 25 0.011673 -0.005896 -0.000315
21 48 25 0.005810 -0.005827 -0.000156
22 1 25 0.005394 0.005428 -0.000106
22 2 25 0.010839 0.005513 -0.000215
22 3 25 0.016383 0.005649 -0.000328
22 4 25 0.022081 0.005838 -0.000448
22 5 25 0.027984 0.006082 -0.000578
22 6 25 0.034152 0.006386 -0.000721
22 7 25 0.040644 0.006753 -0.000883
22 8 25 0.047527 0.007190 -0.001066
22 9 25 0.054873 0.007703 -0.001279
22 10 25 0.062762 0.008300 -0.001529
22 11 25 0.071282 0.008993 -0.001828
22 12 25 0.080536 0.009794 -0.002190
22 13 25 0.090640 0.010720 -0.002636
22 14 25 0.101726 0.011790 -0.003195
22 15 25 0.113950 0.013028 -0.003908
22 16 25 0.127492 0.014459 -0.004837
22 17 25 0.142560 0.016112 -0.006072
22 18 25 0.159389 0.018003 -0.007756
22 19 25 0.178224 0.020120 -0.010105
22 20 25 0.199273 0.022360 -0.013458
22 21 25 0.222575 0.024397 -0.018328
22 22 25 0.247687 0.025404 -0.025404
22 23 25 0.272994 0.023586 -0.035310
22 24 25 0.294463 0.015903 -0.047424
22 25 25 0.304400 0.000146 -0.056342
22 26 25 0.294353 -0.015614 -0.047422
22 27 25 0.272773 -0.023302 -0.035307
22 28 25 0.247354 -0.025129 -0.025399
22 29 25 0.222126 -0.024135 -0.018321
22 30 25 0.198705 -0.022113 -0.013450
22 31 25 0.177533 -0.019892 -0.010095
22 32 25 0.158568 -0.017796 -0.007744
22 33 25 0.141602 -0.015928 -0.006059
22 34 25 0.126389 -0.014303 -0.004821
22 35 25 0.112693 -0.012900 -0.003890
22 36 25 0.100304 -0.011693 -0.003174
22 37 25 0.089041 -0.010656 -0.002612
22 38 25 0.078748 -0.009765 -0.002163
22 39 25 0.069288 -0.009000 -0.001797
22 40 25 0.060545 -0.008345 -0.001494
22 41 25 0.052415 -0.007789 -0.001240
22 42 25 0.044806 -0.007319 -0.001022
22 43 25 0.037636 -0.006927 -0.000833
22 44 25 0.030831 -0.006607 -0.000665
22 45 25 0.024322 -0.006354 -0.000514
22 46 25 0.018043 -0.006163 -0.000376
22 47 25 0.011935 -0.006032 -0.000246
22 48 25 0.005940 -0.005958 -0.000122
23 1 25 0.005476 0.005511 -0.000074
23 2 25 0.011003 0.005598 -0.000150
23 3 25 0.016635 0.005739 -0.000228
23 4 25 0.022425 0.005935 -0.000312
23 5 25 0.028430 0.006190 -0.000403
23 6 25 0.034711 0.006507 -0.000503
23 7 25 0.041332 0.006892 -0.000616
23 8 25 0.048362 0.007351 -0.000744
23 9 25 0.055881 0.007893 -0.000894
23 10 25 0.063975 0.008528 -0.001070
23 11 25 0.072744 0.009271 -0.001281
23 12 25 0.082302 0.010138 -0.001538
23 13 25 0.092784 0.011152 -0.001857
23 14 25 0.104352 0.012345 -0.002261
23 15 25 0.117199 0.013754 -0.002784
23 16 25 0.131565 0.015433 -0.003476
23 17 25 0.147752 0.017454 -0.004422
23 18 25 0.166142 0.019909 -0.005755
23 19 25 0.187222 0.022913 -0.007709
23 20 25 0.211605 0.026576 -0.010702
23 21 25 0.239998 0.030888 -0.015509
23 22 25 0.272994 0.035310 -0.023586
23 23 25 0.310223 0.037531 -0.037531
23 24 25 0.347653 0.030459 -0.060771
23 25 25 0.370734 0.000148 -0.089879
23 26 25 0.347542 -0.030164 -0.060770
23 27 25 0.310000 -0.037242 -0.037529
23 28 25 0.272657 -0.035030 -0.023583
23 29 25 0.239545 -0.030620 -0.015505
23 30 25 0.211031 -0.026324 -0.010697
23 31 25 0.186523 -0.022680 -0.007702
23 32 25 0.165312 -0.019698 -0.005747
23 33 25 0.146784 -0.017267 -0.004412
23 34 25 0.130451 -0.015274 -0.003465
23 35 25 0.115929 -0.013623 -0.002771
23 36 25 0.102915 -0.012245 -0.002246
23 37 25 0.091169 -0.011087 -0.001840
23 38 25 0.080494 -0.010107 -0.001519
23 39 25 0.070727 -0.009277 -0.001259
23 40 25 0.061733 -0.008574 -0.001045
23 41 25 0.053394 -0.007980 -0.000866
23 42 25 0.045608 -0.007482 -0.000714
23 43 25 0.038287 -0.007069 -0.000581
23 44 25 0.031349 -0.006733 -0.000464
23 45 25 0.024720 -0.006467 -0.000359
23 46 25 0.018334 -0.006267 -0.000262
23 47 25 0.012125 -0.006130 -0.000171
23 48 25 0.006033 -0.006052 -0.000085
24 1 25 0.005524 0.005560 -0.000040
24 2 25 0.011100 0.005649 -0.000082
24 3 25 0.016784 0.005793 -0.000124
24 4 25 0.022629 0.005994 -0.000170
24 5 25 0.028696 0.006255 -0.000219
24 6 25 0.035044 0.006581 -0.000273
24 7 25 0.041742 0.006976 -0.000334
24 8 25 0.048862 0.007449 -0.000403
24 9 25 0.056487 0.008010 -0.000483
24 10 25 0.064707 0.008669 -0.000577
24 11 25 0.073629 0.009443 -0.000689
24 12 25 0.083378 0.010353 -0.000826
24 13 25 0.094099 0.011426 -0.000995
24 14 25 0.105973 0.012700 -0.001211
24 15 25 0.119223 0.014228 -0.001491
24 16 25 0.134132 0.016083 -0.001866
24 17 25 0.151073 0.018377 -0.002385
24 18 25 0.170552 0.021279 -0.003136
24 19 25 0.193281 0.025058 -0.004278
24 20 25 0.220302 0.030152 -0.006135
24 21 25 0.253206 0.037276 -0.009422
24 22 25 0.294463 0.047424 -0.015903
24 23 25 0.347653 0.060771 -0.030459
24 24 25 0.415599 0.068254 -0.068254
24 25 25 0.483750 0.000150 -0.181634
24 26 25 0.415487 -0.067955 -0.068253
24 27 25 0.347429 -0.060478 -0.030458
24 28 25 0.294125 -0.047140 -0.015902
24 29 25 0.252750 -0.037005 -0.009420
24 30 25 0.219725 -0.029898 -0.006132
24 31 25 0.192578 -0.024822 -0.004274
24 32 25 0.169717 -0.021066 -0.003131
24 33 25 0.150099 -0.018188 -0.002380
24 34 25 0.133011 -0.015921 -0.001860
24 35 25 0.117945 -0.014096 -0.001484
24 36 25 0.104528 -0.012600 -0.001203
24 37 25 0.092474 -0.011360 -0.000986
24 38 25 0.081558 -0.010322 -0.000815
24 39 25 0.071600 -0.009450 -0.000677
24 40 25 0.062451 -0.008715 -0.000563
24 41 25 0.053983 -0.008098 -0.000468
24 42 25 0.046090 -0.007581 -0.000386
24 43 25 0.038676 -0.007155 -0.000315
24 44 25 0.031658 -0.006808 -0.000252
24 45 25 0.024958 -0.006535 -0.000195
24 46 25 0.018506 -0.006330 -0.000142
24 47 25 0.012238 -0.006188 -0.000093
24 48 25 0.006089 -0.006109 -0.000046
25 1 25 0.005537 0.005574 -0.000006
25 2 25 0.011128 0.005664 -0.000012
25 3 25 0.016827 0.005809 -0.000018
25 4 25 0.022689 0.006011 -0.000024
25 5 25 0.028774 0.006275 -0.000031
25 6 25 0.035143 0.006603 -0.000037
25 7 25 0.041865 0.007003 -0.000044
25 8 25 0.049013 0.007481 -0.000051
25 9 25 0.056671 0.008047 -0.000058
25 10 25 0.064933 0.008715 -0.000066
25 11 25 0.073905 0.009500 -0.000073
25 12 25 0.083717 0.010425 -0.000081
25 13 25 0.094518 0.011519 -0.000089
25 14 25 0.106496 0.012822 -0.000096
25 15 25 0.119884 0.014391 -0.000104
25 16 25 0.134982 0.016311 -0.000111
25 17 25 0.152190 0.018708 -0.000119
25 18 25 0.172063 0.021787 -0.000125
25 19 25 0.195412 0.025899 -0.000132
25 20 25 0.223495 0.031710 -0.000137
25 21 25 0.258452 0.040649 -0.000142
25 22 25 0.304400 0.056342 -0.000146
25 23 25 0.370734 0.089879 -0.000148
25 24 25 0.483750 0.181634 -0.000150
25 25 25 0.733591 0.000151 -0.000151
25 26 25 0.483638 -0.181335 -0.000150
25 27 25 0.370510 -0.089585 -0.000148
25 28 25 0.304061 -0.056057 -0.000145
25 29 25 0.257996 -0.040377 -0.000141
25 30 25 0.222918 -0.031454 -0.000137
25 31 25 0.194709 -0.025663 -0.000131
25 32 25 0.171228 -0.021573 -0.000125
25 33 25 0.151215 -0.018519 -0.000118
25 34 25 0.133859 -0.016149 -0.000110
25 35 25 0.118605 -0.014259 -0.000103
25 36 25 0.105049 -0.012721 -0.000095
25 37 25 0.092891 -0.011452 -0.000087
25 38 25 0.081895 -0.010394 -0.000079
25 39 25 0.071873 -0.009507 -0.000071
25 40 25 0.062673 -0.008761 -0.000063
25 41 25 0.054164 -0.008135 -0.000056
25 42 25 0.046236 -0.007613 -0.000048
25 43 25 0.038794 -0.007181 -0.000041
25 44 25 0.031750 -0.006831 -0.000034
25 45 25 0.025029 -0.006555 -0.000027
25 46 25 0.018558 -0.006348 -0.000020
25 47 25 0.012271 -0.006206 -0.000013
25 48 25 0.006105 -0.006125 -0.000007
26 1 25 0.005517 0.005553 0.000028
26 2 25 0.011087 0.005642 0.000058
26 3 25 0.016763 0.005786 0.000088
26 4 25 0.022602 0.005987 0.000121
26 5 25 0.028662 0.006248 0.000158
26 6 25 0.035004 0.006574 0.000199
26 7 25 0.041696 0.006970 0.000246
26 8 25 0.048810 0.007443 0.000301
26 9 25 0.056428 0.008004 0.000367
26 10 25 0.064643 0.008663 0.000446
26 11 25 0.073559 0.009438 0.000543
26 12 25 0.083302 0.010348 0.000665
26 13 25 0.094019 0.011421 0.000819
26 14 25 0.105888 0.012696 0.001019
26 15 25 0.119133 0.014223 0.001284
26 16 25 0.134038 0.016079 0.001645
26 17 25 0.150975 0.018373 0.002150
26 18 25 0.170451 0.021276 0.002887
26 19 25 0.193177 0.025055 0.004016
26 20 25 0.220195 0.030150 0.005862
26 21 25 0.253098 0.037274 0.009140
26 22 25 0.294353 0.047422 0.015614
26 23 25 0.347542 0.060770 0.030164
26 24 25 0.415487 0.068253 0.067955
26 25 25 0.483638 0.000150 0.181335
26 26 25 0.415376 -0.067955 0.067955
26 27 25 0.347318 -0.060477 0.030163
26 28 25 0.294016 -0.047139 0.015613
26 29 25 0.252643 -0.037004 0.009139
26 30 25 0.219620 -0.029895 0.005860
26 31 25 0.192476 -0.024819 0.004014
26 32 25 0.169618 -0.021062 0.002884
26 33 25 0.150004 -0.018185 0.002146
26 34 25 0.132920 -0.015917 0.001640
26 35 25 0.117858 -0.014091 0.001280
26 36 25 0.104446 -0.012595 0.001014
26 37 25 0.092397 -0.011355 0.000813
26 38 25 0.081486 -0.010317 0.000658
26 39 25 0.071534 -0.009444 0.000536
26 40 25 0.062390 -0.008709 0.000437
26 41 25 0.053929 -0.008091 0.000357
26 42 25 0.046042 -0.007575 0.000290
26 43 25 0.038635 -0.007148 0.000233
26 44 25 0.031623 -0.006802 0.000184
26 45 25 0.024930 -0.006528 0.000141
26 46 25 0.018486 -0.006323 0.000103
26 47 25 0.012224 -0.006182 0.000067
26 48 25 0.006082 -0.006102 0.000033
27 1 25 0.005462 0.005497 0.000062
27 2 25 0.010976 0.005585 0.000126
27 3 25 0.016594 0.005726 0.000193
27 4 25 0.022371 0.005922 0.000264
27 5 25 0.028363 0.006177 0.000343
27 6 25 0.034631 0.006494 0.000430
27 7 25 0.041239 0.006879 0.000529
27 8 25 0.048257 0.007339 0.000644
27 9 25 0.055763 0.007881 0.000780
27 10 25 0.063846 0.008516 0.000942
27 11 25 0.072603 0.009259 0.001138
27 12 25 0.082151 0.010127 0.001380
27 13 25 0.092623 0.011142 0.001684
27 14 25 0.104181 0.012335 0.002073
27 15 25 0.117019 0.013745 0.002581
27 16 25 0.131377 0.015425 0.003259
27 17 25 0.147557 0.017446 0.004190
27 18 25 0.165940 0.019902 0.005511
27 19 25 0.187014 0.022907 0.007453
27 20 25 0.211391 0.026571 0.010435
27 21 25 0.239781 0.030884 0.015232
27 22 25 0.272773 0.035307 0.023302
27 23 25 0.310000 0.037529 0.037242
27 24 25 0.347429 0.030458 0.060478
27 25 25 0.370510 0.000148 0.089585
27 26 25 0.347318 -0.030163 0.060477
27 27 25 0.309778 -0.037240 0.037240
27 28 25 0.272438 -0.035027 0.023300
27 29 25 0.239329 -0.030617 0.015229
27 30 25 0.210820 -0.026319 0.010430
27 31 25 0.186318 -0.022674 0.007447
27 32 25 0.165114 -0.019691 0.005504
27 33 25 0.146593 -0.017260 0.004182
27 34 25 0.130268 -0.015265 0.003250
27 35 25 0.115754 -0.013615 0.002570
27 36 25 0.102750 -0.012236 0.002061
27 37 25 0.091014 -0.011076 0.001671
27 38 25 0.080350 -0.010096 0.001365
27 39 25 0.070594 -0.009266 0.001120
27 40 25 0.061612 -0.008562 0.000922
27 41 25 0.053285 -0.007968 0.000757
27 42 25 0.045513 -0.007469 0.000619
27 43 25 0.038204 -0.007056 0.000501
27 44 25 0.031279 -0.006719 0.000398
27 45 25 0.024665 -0.006454 0.000306
27 46 25 0.018292 -0.006254 0.000223
27 47 25 0.012097 -0.006116 0.000145
27 48 25 0.006019 -0.006038 0.000072
28 1 25 0.005374 0.005408 0.000095
28 2 25 0.010798 0.005492 0.000192
28 3 25 0.016322 0.005628 0.000293
28 4 25 0.021999 0.005817 0.000401
28 5 25 0.027883 0.006062 0.000520
28 6 25 0.034031 0.006366 0.000651
28 7 25 0.040504 0.006734 0.000799
28 8 25 0.047368 0.007171 0.000970
28 9 25 0.054696 0.007684 0.001169
28 10 25 0.062566 0.008282 0.001405
28 11 25 0.071070 0.008976 0.001690
28 12 25 0.080308 0.009778 0.002037
28 13 25 0.090396 0.010705 0.002469
28 14 25 0.101468 0.011776 0.003013
28 15 25 0.113678 0.013014 0.003712
28 16 25 0.127208 0.014447 0.004626
28 17 25 0.142265 0.016100 0.005848
28 18 25 0.159084 0.017993 0.007519
28 19 25 0.177910 0.020111 0.009856
28 20 25 0.198951 0.022353 0.013199
28 21 25 0.222247 0.024391 0.018060
28 22 25 0.247354 0.025399 0.025129
28 23 25 0.272657 0.023583 0.035030
28 24 25 0.294125 0.015902 0.047140
28 25 25 0.304061 0.000145 0.056057
28 26 25 0.294016 -0.015613 0.047139
28 27 25 0.272438 -0.023300 0.035027
28 28 25 0.247023 -0.025125 0.025125
28 29 25 0.221801 -0.024129 0.018054
28 30 25 0.198387 -0.022106 0.013192
28 31 25 0.177223 -0.019883 0.009847
28 32 25 0.158268 -0.017786 0.007508
28 33 25 0.141313 -0.015917 0.005836
28 34 25 0.126112 -0.014290 0.004612
28 35 25 0.112429 -0.012887 0.003695
28 36 25 0.100055 -0.011679 0.002994
28 37 25 0.088808 -0.010640 0.002447
28 38 25 0.078530 -0.009748 0.002013
28 39 25 0.069088 -0.008983 0.001662
28 40 25 0.060363 -0.008328 0.001375
28 41 25 0.052251 -0.007770 0.001134
28 42 25 0.044661 -0.007299 0.000931
28 43 25 0.037512 -0.006907 0.000755
28 44 25 0.030727 -0.006587 0.000601
28 45 25 0.024238 -0.006334 0.000463
28 46 25 0.017980 -0.006143 0.000338
28 47 25 0.011893 -0.006011 0.000221
28 48 25 0.005919 -0.005937 0.000109
29 1 25 0.005254 0.005287 0.000126
29 2 25 0.010555 0.005367 0.000254
29 3 25 0.015952 0.005496 0.000388
29 4 25 0.021494 0.005676 0.000530
29 5 25 0.027231 0.005907 0.000685
29 6 25 0.033218 0.006194 0.000856
29 7 25 0.039509 0.006539 0.001049
29 8 25 0.046167 0.006947 0.001269
29 9 25 0.053255 0.007422 0.001524
29 10 25 0.060845 0.007972 0.001825
29 11 25 0.069013 0.008603 0.002183
29 12 25 0.077846 0.009324 0.002616
29 13 25 0.087436 0.010142 0.003146
29 14 25 0.097885 0.011067 0.003804
29 15 25 0.109307 0.012107 0.004634
29 16 25 0.121818 0.013264 0.005693
29 17 25 0.135535 0.014530 0.007066
29 18 25 0.150561 0.015872 0.008869
29 19 25 0.166946 0.017205 0.011263
29 20 25 0.184624 0.018347 0.014456
29 21 25 0.203281 0.018936 0.018689
29 22 25 0.222126 0.018321 0.024135
29 23 25 0.239545 0.015505 0.030620
29 24 25 0.252750 0.009420 0.037005
29 25 25 0.257996 0.000141 0.040377
29 26 25 0.252643 -0.009139 0.037004
29 27 25 0.239329 -0.015229 0.030617
29 28 25 0.221801 -0.018054 0.024129
29 29 25 0.202843 -0.018681 0.018681
29 30 25 0.184070 -0.018107 0.014446
29 31 25 0.166271 -0.016983 0.011251
29 32 25 0.149759 -0.015671 0.008855
29 33 25 0.134600 -0.014352 0.007050
29 34 25 0.120741 -0.013112 0.005674
29 35 25 0.108080 -0.011983 0.004612
29 36 25 0.096498 -0.010973 0.003779
29 37 25 0.085875 -0.010080 0.003117
29 38 25 0.076100 -0.009295 0.002583
29 39 25 0.067067 -0.008610 0.002146
29 40 25 0.058681 -0.008017 0.001784
29 41 25 0.050856 -0.007506 0.001478
29 42 25 0.043511 -0.007072 0.001217
29 43 25 0.036574 -0.006708 0.000990
29 44 25 0.029978 -0.006409 0.000790
29 45 25 0.023658 -0.006172 0.000610
29 46 25 0.017557 -0.005992 0.000445
29 47 25 0.011616 -0.005868 0.000291
29 48 25 0.005782 -0.005798 0.000144
30 1 25 0.005105 0.005136 0.000154
30 2 25 0.010254 0.005211 0.000311
30 3 25 0.015492 0.005332 0.000475
30 4 25 0.020866 0.005500 0.000649
30 5 25 0.026422 0.005716 0.000837
30 6 25 0.032208 0.005981 0.001044
30 7 25 0.038277 0.006299 0.001275
30 8 25 0.044682 0.006673 0.001537
30 9 25 0.051480 0.007105 0.001839
30 10 25 0.058731 0.007600 0.002191
30 11 25 0.066499 0.008160 0.002607
30 12 25 0.074852 0.008790 0.003103
30 13 25 0.083860 0.009491 0.003702
30 14 25 0.093595 0.010262 0.004432
30 15 25 0.104129 0.011100 0.005334
30 16 25 0.115521 0.011989 0.006456
30 17 25 0.127815 0.012900 0.007864
30 18 25 0.141012 0.013772 0.009639
30 19 25 0.155037 0.014502 0.011880
30 20 25 0.169679 0.014905 0.014685
30 21 25 0.184498 0.014693 0.018117
30 22 25 0.198705 0.013450 0.022113
30 23 25 0.211031 0.010697 0.026324
30 24 25 0.219725 0.006132 0.029898
30 25 25 0.222918 0.000137 0.031454
30 26 25 0.219620 -0.005860 0.029895
30 27 25 0.210820 -0.010430 0.026319
30 28 25 0.198387 -0.013192 0.022106
30 29 25 0.184070 -0.014446 0.018107
30 30 25 0.169137 -0.014673 0.014673
30 31 25 0.154377 -0.014287 0.011866
30 32 25 0.140228 -0.013578 0.009622
30 33 25 0.126901 -0.012728 0.007843
30 34 25 0.114468 -0.011842 0.006432
30 35 25 0.102929 -0.010980 0.005306
30 36 25 0.092239 -0.010172 0.004401
30 37 25 0.082335 -0.009431 0.003666
30 38 25 0.073146 -0.008763 0.003062
30 39 25 0.064597 -0.008168 0.002561
30 40 25 0.056617 -0.007643 0.002140
30 41 25 0.049137 -0.007187 0.001782
30 42 25 0.042090 -0.006795 0.001472
30 43 25 0.035414 -0.006463 0.001202
30 44 25 0.029049 -0.006190 0.000961
30 45 25 0.022940 -0.005971 0.000744
30 46 25 0.017031 -0.005805 0.000544
30 47 25 0.011272 -0.005691 0.000356
30 48 25 0.005611 -0.005627 0.000176
31 1 25 0.004929 0.004958 0.000180
31 2 25 0.009898 0.005028 0.000363
31 3 25 0.014950 0.005140 0.000553
31 4 25 0.020126 0.005294 0.000755
31 5 25 0.025470 0.005492 0.000972
31 6 25 0.031024 0.005734 0.001209
31 7 25 0.036835 0.006023 0.001473
31 8 25 0.042949 0.006359 0.001770
31 9 25 0.049414 0.006745 0.002109
31 10 25 0.056281 0.007180 0.002501
31 11 25 0.063600 0.007667 0.002957
31 12 25 0.071421 0.008203 0.003495
31 13 25 0.079795 0.008786 0.004134
31 14 25 0.088764 0.009409 0.004899
31 15 25 0.098365 0.010058 0.005823
31 16 25 0.108615 0.010708 0.006943
31 17 25 0.119500 0.011321 0.008305
31 18 25 0.130959 0.011830 0.009957
31 19 25 0.142849 0.012135 0.011947
31 20 25 0.154905 0.012088 0.014302
31 21 25 0.166688 0.011487 0.016995
31 22 25 0.177533 0.010095 0.019892
31 23 25 0.186523 0.007702 0.022680
31 24 25 0.192578 0.004274 0.024822
31 25 25 0.194709 0.000131 0.025663
31 26 25 0.192476 -0.004014 0.024819
31 27 25 0.186318 -0.007447 0.022674
31 28 25 0.177223 -0.009847 0.019883
31 29 25 0.166271 -0.011251 0.016983
31 30 25 0.154377 -0.011866 0.014287
31 31 25 0.142206 -0.011929 0.011929
31 32 25 0.130196 -0.011644 0.009936
31 33 25 0.118610 -0.011156 0.008280
31 34 25 0.107590 -0.010567 0.006914
31 35 25 0.097198 -0.009943 0.005790
31 36 25 0.087445 -0.009322 0.004862
31 37 25 0.078312 -0.008729 0.004091
31 38 25 0.069763 -0.008177 0.003447
31 39 25 0.061751 -0.007674 0.002903
31 40 25 0.054228 -0.007223 0.002440
31 41 25 0.047139 -0.006824 0.002041
31 42 25 0.040432 -0.006477 0.001694
31 43 25 0.034056 -0.006181 0.001387
31 44 25 0.027960 -0.005935 0.001112
31 45 25 0.022095 -0.005737 0.000862
31 46 25 0.016413 -0.005587 0.000631
31 47 25 0.010867 -0.005483 0.000414
31 48 25 0.005411 -0.005424 0.000205
32 1 25 0.004728 0.004755 0.000203
32 2 25 0.009494 0.004819 0.000409
32 3 25 0.014334 0.004922 0.000623
32 4 25 0.019288 0.005062 0.000848
32 5 25 0.024392 0.005241 0.001090
32 6 25 0.029686 0.005459 0.001353
32 7 25 0.035210 0.005716 0.001643
32 8 25 0.041002 0.006014 0.001967
32 9 25 0.047104 0.006351 0.002333
32 10 25 0.053554 0.006728 0.002751
32 11 25 0.060391 0.007141 0.003233
32 12 25 0.067651 0.007587 0.003793
32 13 25 0.075363 0.008060 0.004448
32 14 25 0.083549 0.008546 0.005218
32 15 25 0.092218 0.009029 0.006127
32 16 25 0.101354 0.009481 0.007201
32 17 25 0.110909 0.009859 0.008467
32 18 25 0.120787 0.010104 0.009951
32 19 25 0.130818 0.010132 0.011664
32 20 25 0.140739 0.009833 0.013595
32 21 25 0.150163 0.009080 0.015684
32 22 25 0.158568 0.007744 0.017796
32 23 25 0.165312 0.005747 0.019698
32 24 25 0.169717 0.003131 0.021066
32 25 25 0.171228 0.000125 0.021573
32 26 25 0.169618 -0.002884 0.021062
32 27 25 0.165114 -0.005504 0.019691
32 28 25 0.158268 -0.007508 0.017786
32 29 25 0.149759 -0.008855 0.015671
32 30 25 0.140228 -0.009622 0.013578
32 31 25 0.130196 -0.009936 0.011644
32 32 25 0.120048 -0.009926 0.009926
32 33 25 0.110047 -0.009702 0.008439
32 34 25 0.100362 -0.009347 0.007168
32 35 25 0.091088 -0.008920 0.006089
32 36 25 0.082273 -0.008464 0.005175
32 37 25 0.073929 -0.008005 0.004399
32 38 25 0.066047 -0.007563 0.003738
32 39 25 0.058605 -0.007149 0.003171
32 40 25 0.051571 -0.006769 0.002682
32 41 25 0.044907 -0.006427 0.002255
32 42 25 0.038573 -0.006126 0.001879
32 43 25 0.032529 -0.005867 0.001544
32 44 25 0.026733 -0.005650 0.001242
32 45 25 0.021141 -0.005474 0.000965
32 46 25 0.015714 -0.005340 0.000708
32 47 25 0.010408 -0.005247 0.000464
32 48 25 0.005184 -0.005195 0.000230
33 1 25 0.004507 0.004532 0.000222
33 2 25 0.009048 0.004590 0.000449
33 3 25 0.013655 0.004682 0.000682
33 4 25 0.018364 0.004807 0.000928
33 5 25 0.023207 0.004967 0.001190
33 6 25 0.028219 0.005160 0.001473
33 7 25 0.033433 0.005387 0.001783
33 8 25 0.038881 0.005646 0.002127
33 9 25 0.044597 0.005936 0.002512
33 10 25 0.050610 0.006256 0.002946
33 11 25 0.056947 0.006600 0.003440
33 12 25 0.063631 0.006962 0.004006
33 13 25 0.070678 0.007335 0.004658
33 14 25 0.078090 0.007703 0.005410
33 15 25 0.085857 0.008047 0.006278
33 16 25 0.093943 0.008340 0.007280
33 17 25 0.102281 0.008544 0.008428
33 18 25 0.110759 0.008606 0.009730
33 19 25 0.119210 0.008465 0.011179
33 20 25 0.127393 0.008043 0.012747
33 21 25 0.134989 0.007262 0.014367
33 22 25 0.141602 0.006059 0.015928
33 23 25 0.146784 0.004412 0.017267
33 24 25 0.150099 0.002380 0.018188
33 25 25 0.151215 0.000118 0.018519
33 26 25 0.150004 -0.002146 0.018185
33 27 25 0.146593 -0.004182 0.017260
33 28 25 0.141313 -0.005836 0.015917
33 29 25 0.134600 -0.007050 0.014352
33 30 25 0.126901 -0.007843 0.012728
33 31 25 0.118610 -0.008280 0.011156
33 32 25 0.110047 -0.008439 0.009702
33 33 25 0.101451 -0.008396 0.008396
33 34 25 0.092989 -0.008214 0.007242
33 35 25 0.084770 -0.007944 0.006236
33 36 25 0.076862 -0.007625 0.005361
33 37 25 0.069298 -0.007284 0.004603
33 38 25 0.062089 -0.006940 0.003945
33 39 25 0.055230 -0.006607 0.003371
33 40 25 0.048704 -0.006295 0.002868
33 41 25 0.042487 -0.006009 0.002424
33 42 25 0.036550 -0.005753 0.002029
33 43 25 0.030862 -0.005530 0.001673
33 44 25 0.025388 -0.005341 0.001350
33 45 25 0.020094 -0.005188 0.001051
33 46 25 0.014945 -0.005070 0.000772
33 47 25 0.009903 -0.004989 0.000507
33 48 25 0.004933 -0.004943 0.000251
34 1 25 0.004268 0.004290 0.000239
34 2 25 0.008566 0.004342 0.000482
34 3 25 0.012923 0.004424 0.000732
34 4 25 0.017369 0.004535 0.000995
34 5 25 0.021933 0.004676 0.001273
34 6 25 0.026645 0.004844 0.001571
34 7 25 0.031532 0.005041 0.001896
34 8 25 0.036621 0.005263 0.002253
34 9 25 0.041936 0.005509 0.002648
34 10 25 0.047501 0.005775 0.003089
34 11 25 0.053333 0.006056 0.003585
34 12 25 0.059444 0.006344 0.004145
34 13 25 0.065837 0.006630 0.004778
34 14 25 0.072504 0.006898 0.005497
34 15 25 0.079419 0.007131 0.006310
34 16 25 0.086537 0.007303 0.007226
34 17 25 0.093783 0.007381 0.008250
34 18 25 0.101044 0.007325 0.009377
34 19 25 0.108164 0.007088 0.010593
34 20 25 0.114940 0.006619 0.011863
34 21 25 0.121114 0.005873 0.013129
34 22 25 0.126389 0.004821 0.014303
34 23 25 0.130451 0.003465 0.015274
34 24 25 0.133011 0.001860 0.015921
34 25 25 0.133859 0.000110 0.016149
34 26 25 0.132920 -0.001640 0.015917
34 27 25 0.130268 -0.003250 0.015265
34 28 25 0.126112 -0.004612 0.014290
34 29 25 0.120741 -0.005674 0.013112
34 30 25 0.114468 -0.006432 0.011842
34 31 25 0.107590 -0.006914 0.010567
34 32 25 0.100362 -0.007168 0.009347
34 33 25 0.092989 -0.007242 0.008214
34 34 25 0.085624 -0.007185 0.007185
34 35 25 0.078380 -0.007035 0.006263
34 36 25 0.071329 -0.006826 0.005443
34 37 25 0.064518 -0.006582 0.004718
34 38 25 0.057970 -0.006323 0.004076
34 39 25 0.051693 -0.006063 0.003508
34 40 25 0.045681 -0.005812 0.003003
34 41 25 0.039922 -0.005577 0.002551
34 42 25 0.034397 -0.005364 0.002145
34 43 25 0.029081 -0.005176 0.001775
34 44 25 0.023949 -0.005015 0.001436
34 45 25 0.018971 -0.004883 0.001122
34 46 25 0.014118 -0.004782 0.000826
34 47 25 0.009360 -0.004711 0.000543
34 48 25 0.004664 -0.004672 0.000269
35 1 25 0.004014 0.004034 0.000253
35 2 25 0.008054 0.004080 0.000510
35 3 25 0.012146 0.004152 0.000773
35 4 25 0.016315 0.004249 0.001048
35 5 25 0.020587 0.004371 0.001339
35 6 25 0.024986 0.004516 0.001648
35 7 25 0.029535 0.004684 0.001983
35 8 25 0.034254 0.004872 0.002346
35 9 25 0.039164 0.005077 0.002745
35 10 25 0.044279 0.005294 0.003186
35 11 25 0.049609 0.005519 0.003675
35 12 25 0.055158 0.005743 0.004219
35 13 25 0.060922 0.005956 0.004826
35 14 25 0.066882 0.006144 0.005502
35 15 25 0.073008 0.006290 0.006252
35 16 25 0.079248 0.006373 0.007080
35 17 25 0.085525 0.006365 0.007983
35 18 25 0.091737 0.006235 0.008953
35 19 25 0.097744 0.005952 0.009971
35 20 25 0.103377 0.005481 0.011003
35 21 25 0.108434 0.004797 0.012001
35 22 25 0.112693 0.003890 0.012900
35 23 25 0.115929 0.002771 0.013623
35 24 25 0.117945 0.001484 0.014096
35 25 25 0.118605 0.000103 0.014259
35 26 25 0.117858 -0.001280 0.014091
35 27 25 0.115754 -0.002570 0.013615
35 28 25 0.112429 -0.003695 0.012887
35 29 25 0.108080 -0.004612 0.011983
35 30 25 0.102929 -0.005306 0.010980
35 31 25 0.097198 -0.005790 0.009943
35 32 25 0.091088 -0.006089 0.008920
35 33 25 0.084770 -0.006236 0.007944
35 34 25 0.078380 -0.006263 0.007035
35 35 25 0.072020 -0.006201 0.006201
35 36 25 0.065766 -0.006077 0.005444
35 37 25 0.059669 -0.005912 0.004760
35 38 25 0.053759 -0.005724 0.004145
35 39 25 0.048052 -0.005527 0.003592
35 40 25 0.042552 -0.005330 0.003093
35 41 25 0.037254 -0.005141 0.002641
35 42 25 0.032147 -0.004967 0.002230
35 43 25 0.027214 -0.004811 0.001853
35 44 25 0.022435 -0.004676 0.001503
35 45 25 0.017787 -0.004564 0.001177
35 46 25 0.013246 -0.004478 0.000868
35 47 25 0.008785 -0.004418 0.000571
35 48 25 0.004379 -0.004385 0.000284
36 1 25 0.003748 0.003766 0.000264
36 2 25 0.007518 0.003806 0.000531
36 3 25 0.011333 0.003868 0.000806
36 4 25 0.015215 0.003952 0.001090
36 5 25 0.019185 0.004057 0.001389
36 6 25 0.023263 0.004181 0.001706
36 7 25 0.027467 0.004322 0.002046
36 8 25 0.031813 0.004478 0.002412
36 9 25 0.036316 0.004646 0.002810
36 10 25 0.040985 0.004821 0.003244
36 11 25 0.045824 0.004998 0.003720
36 12 25 0.050832 0.005167 0.004243
36 13 25 0.055997 0.005321 0.004817
36 14 25 0.061298 0.005445 0.005446
36 15 25 0.066699 0.005526 0.006132
36 16 25 0.072149 0.005545 0.006874
36 17 25 0.077575 0.005480 0.007667
36 18 25 0.082885 0.005310 0.008499
36 19 25 0.087961 0.005011 0.009352
36 20 25 0.092663 0.004562 0.010196
36 21 25 0.096833 0.003951 0.010993
36 22 25 0.100304 0.003174 0.011693
36 23 25 0.102915 0.002246 0.012245
36 24 25 0.104528 0.001203 0.012600
36 25 25 0.105049 0.000095 0.012721
36 26 25 0.104446 -0.001014 0.012595
36 27 25 0.102750 -0.002061 0.012236
36 28 25 0.100055 -0.002994 0.011679
36 29 25 0.096498 -0.003779 0.010973
36 30 25 0.092239 -0.004401 0.010172
36 31 25 0.087445 -0.004862 0.009322
36 32 25 0.082273 -0.005175 0.008464
36 33 25 0.076862 -0.005361 0.007625
36 34 25 0.071329 -0.005443 0.006826
36 35 25 0.065766 -0.005444 0.006077
36 36 25 0.060244 -0.005383 0.005383
36 37 25 0.054815 -0.005281 0.004746
36 38 25 0.049512 -0.005151 0.004163
36 39 25 0.044356 -0.005006 0.003631
36 40 25 0.039358 -0.004855 0.003145
36 41 25 0.034518 -0.004707 0.002699
36 42 25 0.029830 -0.004567 0.002288
36 43 25 0.025285 -0.004439 0.001908
36 44 25 0.020866 -0.004328 0.001553
36 45 25 0.016557 -0.004236 0.001218
36 46 25 0.012337 -0.004164 0.000900
36 47 25 0.008186 -0.004114 0.000593
36 48 25 0.004082 -0.004086 0.000295
37 1 25 0.003473 0.003488 0.000273
37 2 25 0.006964 0.003523 0.000548
37 3 25 0.010494 0.003577 0.000830
37 4 25 0.014081 0.003648 0.001122
37 5 25 0.017742 0.003737 0.001427
37 6 25 0.021493 0.003841 0.001748
37 7 25 0.025349 0.003959 0.002089
37 8 25 0.029323 0.004087 0.002454
37 9 25 0.033423 0.004223 0.002846
37 10 25 0.037656 0.004361 0.003270
37 11 25 0.042020 0.004496 0.003729
37 12 25 0.046510 0.004621 0.004227
37 13 25 0.051112 0.004727 0.004766
37 14 25 0.055802 0.004803 0.005347
37 15 25 0.060543 0.004835 0.005971
37 16 25 0.065286 0.004811 0.006634
37 17 25 0.069967 0.004712 0.007329
37 18 25 0.074503 0.004523 0.008044
37 19 25 0.078796 0.004228 0.008761
37 20 25 0.082732 0.003814 0.009457
37 21 25 0.086190 0.003274 0.010100
37 22 25 0.089041 0.002612 0.010656
37 23 25 0.091169 0.001840 0.011087
37 24 25 0.092474 0.000986 0.011360
37 25 25 0.092891 0.000087 0.011452
37 26 25 0.092397 -0.000813 0.011355
37 27 25 0.091014 -0.001671 0.011076
37 28 25 0.088808 -0.002447 0.010640
37 29 25 0.085875 -0.003117 0.010080
37 30 25 0.082335 -0.003666 0.009431
37 31 25 0.078312 -0.004091 0.008729
37 32 25 0.073929 -0.004399 0.008005
37 33 25 0.069298 -0.004603 0.007284
37 34 25 0.064518 -0.004718 0.006582
37 35 25 0.059669 -0.004760 0.005912
37 36 25 0.054815 -0.004746 0.005281
37 37 25 0.050005 -0.004691 0.004691
37 38 25 0.045275 -0.004606 0.004143
37 39 25 0.040647 -0.004504 0.003635
37 40 25 0.036134 -0.004392 0.003165
37 41 25 0.031743 -0.004278 0.002729
37 42 25 0.027472 -0.004168 0.002323
37 43 25 0.023314 -0.004067 0.001943
37 44 25 0.019259 -0.003977 0.001586
37 45 25 0.015294 -0.003901 0.001247
37 46 25 0.011403 -0.003842 0.000923
37 47 25 0.007570 -0.003801 0.000609
37 48 25 0.003775 -0.003778 0.000303
38 1 25 0.003190 0.003204 0.000279
38 2 25 0.006397 0.003234 0.000561
38 3 25 0.009636 0.003280 0.000848
38 4 25 0.012922 0.003340 0.001144
38 5 25 0.016270 0.003414 0.001452
38 6 25 0.019693 0.003500 0.001775
38 7 25 0.023202 0.003597 0.002115
38 8 25 0.026806 0.003701 0.002475
38 9 25 0.030511 0.003808 0.002860
38 10 25 0.034320 0.003916 0.003271
38 11 25 0.038228 0.004017 0.003711
38 12 25 0.042228 0.004106 0.004182
38 13 25 0.046303 0.004175 0.004686
38 14 25 0.050428 0.004214 0.005221
38 15 25 0.054571 0.004213 0.005786
38 16 25 0.058684 0.004161 0.006378
38 17 25 0.062711 0.004044 0.006987
38 18 25 0.066581 0.003850 0.007604
38 19 25 0.070213 0.003571 0.008211
38 20 25 0.073515 0.003197 0.008790
38 21 25 0.076392 0.002726 0.009317
38 22 25 0.078748 0.002163 0.009765
38 23 25 0.080494 0.001519 0.010107
38 24 25 0.081558 0.000815 0.010322
38 25 25 0.081895 0.000079 0.010394
38 26 25 0.081486 -0.000658 0.010317
38 27 25 0.080350 -0.001365 0.010096
38 28 25 0.078530 -0.002013 0.009748
38 29 25 0.076100 -0.002583 0.009295
38 30 25 0.073146 -0.003062 0.008763
38 31 25 0.069763 -0.003447 0.008177
38 32 25 0.066047 -0.003738 0.007563
38 33 25 0.062089 -0.003945 0.006940
38 34 25 0.057970 -0.004076 0.006323
38 35 25 0.053759 -0.004145 0.005724
38 36 25 0.049512 -0.004163 0.005151
38 37 25 0.045275 -0.004143 0.004606
38 38 25 0.041081 -0.004093 0.004093
38 39 25 0.036954 -0.004025 0.003612
38 40 25 0.032909 -0.003945 0.003160
38 41 25 0.028955 -0.003860 0.002737
38 42 25 0.025092 -0.003775 0.002339
38 43 25 0.021318 -0.003696 0.001963
38 44 25 0.017627 -0.003624 0.001607
38 45 25 0.014009 -0.003564 0.001266
38 46 25 0.010452 -0.003516 0.000939
38 47 25 0.006941 -0.003482 0.000620
38 48 25 0.003462 -0.003465 0.000309
39 1 25 0.002903 0.002915 0.000283
39 2 25 0.005820 0.002941 0.000569
39 3 25 0.008764 0.002979 0.000860
39 4 25 0.011747 0.003029 0.001159
39 5 25 0.014780 0.003090 0.001468
39 6 25 0.017875 0.003161 0.001790
39 7 25 0.021040 0.003239 0.002127
39 8 25 0.024280 0.003322 0.002481
39 9 25 0.027600 0.003406 0.002856
39 10 25 0.030999 0.003488 0.003253
39 11 25 0.034471 0.003562 0.003673
39 12 25 0.038008 0.003623 0.004117
39 13 25 0.041592 0.003664 0.004587
39 14 25 0.045199 0.003677 0.005079
39 15 25 0.048799 0.003653 0.005592
39 16 25 0.052350 0.003584 0.006120
39 17 25 0.055802 0.003460 0.006657
39 18 25 0.059096 0.003272 0.007191
39 19 25 0.062166 0.003015 0.007710
39 20 25 0.064938 0.002682 0.008197
39 21 25 0.067336 0.002275 0.008633
39 22 25 0.069288 0.001797 0.009000
39 23 25 0.070727 0.001259 0.009277
39 24 25 0.071600 0.000677 0.009450
39 25 25 0.071873 0.000071 0.009507
39 26 25 0.071534 -0.000536 0.009444
39 27 25 0.070594 -0.001120 0.009266
39 28 25 0.069088 -0.001662 0.008983
39 29 25 0.067067 -0.002146 0.008610
39 30 25 0.064597 -0.002561 0.008168
39 31 25 0.061751 -0.002903 0.007674
39 32 25 0.058605 -0.003171 0.007149
39 33 25 0.055230 -0.003371 0.006607
39 34 25 0.051693 -0.003508 0.006063
39 35 25 0.048052 -0.003592 0.005527
39 36 25 0.044356 -0.003631 0.005006
39 37 25 0.040647 -0.003635 0.004504
39 38 25 0.036954 -0.003612 0.004025
39 39 25 0.033301 -0.003569 0.003569
39 40 25 0.029704 -0.003515 0.003138
39 41 25 0.026172 -0.003453 0.002728
39 42 25 0.022709 -0.003390 0.002340
39 43 25 0.019314 -0.003329 0.001970
39 44 25 0.015984 -0.003273 0.001616
39 45 25 0.012713 -0.003225 0.001277
39 46 25 0.009490 -0.003187 0.000948
39 47 25 0.006305 -0.003161 0.000627
39 48 25 0.003146 -0.003147 0.000312
40 1 25 0.002613 0.002623 0.000286
40 2 25 0.005238 0.002645 0.000575
40 3 25 0.007884 0.002676 0.000868
40 4 25 0.010562 0.002718 0.001168
40 5 25 0.013282 0.002768 0.001476
40 6 25 0.016051 0.002825 0.001796
40 7 25 0.018875 0.002888 0.002128
40 8 25 0.021759 0.002953 0.002476
40 9 25 0.024705 0.003017 0.002840
40 10 25 0.027709 0.003078 0.003221
40 11 25 0.030766 0.003131 0.003622
40 12 25 0.033867 0.003170 0.004041
40 13 25 0.036993 0.003190 0.004478
40 14 25 0.040124 0.003185 0.004931
40 15 25 0.043232 0.003147 0.005397
40 16 25 0.046279 0.003070 0.005871
40 17 25 0.049224 0.002947 0.006346
40 18 25 0.052018 0.002772 0.006813
40 19 25 0.054605 0.002539 0.007260
40 20 25 0.056927 0.002248 0.007674
40 21 25 0.058926 0.001898 0.008041
40 22 25 0.060545 0.001494 0.008345
40 23 25 0.061733 0.001045 0.008574
40 24 25 0.062451 0.000563 0.008715
40 25 25 0.062673 0.000063 0.008761
40 26 25 0.062390 -0.000437 0.008709
40 27 25 0.061612 -0.000922 0.008562
40 28 25 0.060363 -0.001375 0.008328
40 29 25 0.058681 -0.001784 0.008017
40 30 25 0.056617 -0.002140 0.007643
40 31 25 0.054228 -0.002440 0.007223
40 32 25 0.051571 -0.002682 0.006769
40 33 25 0.048704 -0.002868 0.006295
40 34 25 0.045681 -0.003003 0.005812
40 35 25 0.042552 -0.003093 0.005330
40 36 25 0.039358 -0.003145 0.004855
40 37 25 0.036134 -0.003165 0.004392
40 38 25 0.032909 -0.003160 0.003945
40 39 25 0.029704 -0.003138 0.003515
40 40 25 0.026534 -0.003102 0.003102
40 41 25 0.023409 -0.003060 0.002708
40 42 25 0.020334 -0.003013 0.002330
40 43 25 0.017312 -0.002968 0.001967
40 44 25 0.014339 -0.002925 0.001618
40 45 25 0.011412 -0.002888 0.001280
40 46 25 0.008523 -0.002859 0.000952
40 47 25 0.005665 -0.002838 0.000631
40 48 25 0.002827 -0.002827 0.000314
41 1 25 0.002321 0.002330 0.000288
41 2 25 0.004652 0.002348 0.000578
41 3 25 0.007000 0.002374 0.000872
41 4 25 0.009374 0.002407 0.001171
41 5 25 0.011781 0.002448 0.001478
41 6 25 0.014227 0.002493 0.001795
41 7 25 0.016717 0.002543 0.002122
41 8 25 0.019253 0.002593 0.002462
41 9 25 0.021836 0.002642 0.002815
41 10 25 0.024461 0.002686 0.003182
41 11 25 0.027123 0.002722 0.003563
41 12 25 0.029812 0.002745 0.003959
41 13 25 0.032513 0.002751 0.004367
41 14 25 0.035205 0.002734 0.004786
41 15 25 0.037864 0.002689 0.005211
41 16 25 0.040459 0.002611 0.005639
41 17 25 0.042954 0.002494 0.006062
41 18 25 0.045308 0.002334 0.006473
41 19 25 0.047477 0.002129 0.006862
41 20 25 0.049415 0.001876 0.007219
41 21 25 0.051076 0.001579 0.007531
41 22 25 0.052415 0.001240 0.007789
41 23 25 0.053394 0.000866 0.007980
41 24 25 0.053983 0.000468 0.008098
41 25 25 0.054164 0.000056 0.008135
41 26 25 0.053929 -0.000357 0.008091
41 27 25 0.053285 -0.000757 0.007968
41 28 25 0.052251 -0.001134 0.007770
41 29 25 0.050856 -0.001478 0.007506
41 30 25 0.049137 -0.001782 0.007187
41 31 25 0.047139 -0.002041 0.006824
41 32 25 0.044907 -0.002255 0.006427
41 33 25 0.042487 -0.002424 0.006009
41 34 25 0.039922 -0.002551 0.005577
41 35 25 0.037254 -0.002641 0.005141
41 36 25 0.034518 -0.002699 0.004707
41 37 25 0.031743 -0.002729 0.004278
41 38 25 0.028955 -0.002737 0.003860
41 39 25 0.026172 -0.002728 0.003453
41 40 25 0.023409 -0.002708 0.003060
41 41 25 0.020676 -0.002679 0.002679
41 42 25 0.017979 -0.002647 0.002312
41 43 25 0.015320 -0.002613 0.001957
41 44 25 0.012699 -0.002581 0.001613
41 45 25 0.010112 -0.002553 0.001279
41 46 25 0.007556 -0.002531 0.000952
41 47 25 0.005024 -0.002515 0.000631
41 48 25 0.002508 -0.002507 0.000315
42 1 25 0.002029 0.002036 0.000289
42 2 25 0.004065 0.002051 0.000579
42 3 25 0.006115 0.002072 0.000873
42 4 25 0.008186 0.002099 0.001171
42 5 25 0.010283 0.002131 0.001476
42 6 25 0.012411 0.002167 0.001789
42 7 25 0.014572 0.002205 0.002111
42 8 25 0.016769 0.002243 0.002443
42 9 25 0.018999 0.002279 0.002785
42 10 25 0.021261 0.002311 0.003139
42 11 25 0.023547 0.002334 0.003503
42 12 25 0.025848 0.002346 0.003877
42 13 25 0.028150 0.002342 0.004259
42 14 25 0.030436 0.002319 0.004648
42 15 25 0.032685 0.002271 0.005039
42 16 25 0.034870 0.002196 0.005427
42 17 25 0.036962 0.002089 0.005808
42 18 25 0.038928 0.001947 0.006173
42 19 25 0.040731 0.001769 0.006516
42 20 25 0.042336 0.001554 0.006827
42 21 25 0.043705 0.001304 0.007098
42 22 25 0.044806 0.001022 0.007319
42 23 25 0.045608 0.000714 0.007482
42 24 25 0.046090 0.000386 0.007581
42 25 25 0.046236 0.000048 0.007613
42 26 25 0.046042 -0.000290 0.007575
42 27 25 0.045513 -0.000619 0.007469
42 28 25 0.044661 -0.000931 0.007299
42 29 25 0.043511 -0.001217 0.007072
42 30 25 0.042090 -0.001472 0.006795
42 31 25 0.040432 -0.001694 0.006477
42 32 25 0.038573 -0.001879 0.006126
42 33 25 0.036550 -0.002029 0.005753
42 34 25 0.034397 -0.002145 0.005364
42 35 25 0.032147 -0.002230 0.004967
42 36 25 0.029830 -0.002288 0.004567
42 37 25 0.027472 -0.002323 0.004168
42 38 25 0.025092 -0.002339 0.003775
42 39 25 0.022709 -0.002340 0.003390
42 40 25 0.020334 -0.002330 0.003013
42 41 25 0.017979 -0.002312 0.002647
42 42 25 0.015648 -0.002290 0.002290
42 43 25 0.013344 -0.002266 0.001943
42 44 25 0.011068 -0.002243 0.001604
42 45 25 0.008819 -0.002222 0.001274
42 46 25 0.006592 -0.002206 0.000950
42 47 25 0.004384 -0.002194 0.000630
42 48 25 0.002189 -0.002188 0.000314
43 1 25 0.001737 0.001743 0.000289
43 2 25 0.003479 0.001754 0.000579
43 3 25 0.005232 0.001771 0.000872
43 4 25 0.007002 0.001792 0.001169
43 5 25 0.008791 0.001817 0.001472
43 6 25 0.010605 0.001845 0.001781
43 7 25 0.012444 0.001874 0.002097
43 8 25 0.014309 0.001903 0.002421
43 9 25 0.016199 0.001929 0.002754
43 10 25 0.018110 0.001951 0.003095
43 11 25 0.020037 0.001965 0.003444
43 12 25 0.021970 0.001969 0.003799
43 13 25 0.023899 0.001960 0.004160
43 14 25 0.025807 0.001934 0.004522
43 15 25 0.027678 0.001888 0.004884
43 16 25 0.029490 0.001819 0.005240
43 17 25 0.031218 0.001724 0.005586
43 18 25 0.032835 0.001602 0.005915
43 19 25 0.034314 0.001451 0.006221
43 20 25 0.035626 0.001271 0.006497
43 21 25 0.036742 0.001064 0.006734
43 22 25 0.037636 0.000833 0.006927
43 23 25 0.038287 0.000581 0.007069
43 24 25 0.038676 0.000315 0.007155
43 25 25 0.038794 0.000041 0.007181
43 26 25 0.038635 -0.000233 0.007148
43 27 25 0.038204 -0.000501 0.007056
43 28 25 0.037512 -0.000755 0.006907
43 29 25 0.036574 -0.000990 0.006708
43 30 25 0.035414 -0.001202 0.006463
43 31 25 0.034056 -0.001387 0.006181
43 32 25 0.032529 -0.001544 0.005867
43 33 25 0.030862 -0.001673 0.005530
43 34 25 0.029081 -0.001775 0.005176
43 35 25 0.027214 -0.001853 0.004811
43 36 25 0.025285 -0.001908 0.004439
43 37 25 0.023314 -0.001943 0.004067
43 38 25 0.021318 -0.001963 0.003696
43 39 25 0.019314 -0.001970 0.003329
43 40 25 0.017312 -0.001967 0.002968
43 41 25 0.015320 -0.001957 0.002613
43 42 25 0.013344 -0.001943 0.002266
43 43 25 0.011387 -0.001927 0.001927
43 44 25 0.009451 -0.001910 0.001594
43 45 25 0.007533 -0.001895 0.001267
43 46 25 0.005633 -0.001883 0.000945
43 47 25 0.003747 -0.001874 0.000628
43 48 25 0.001871 -0.001870 0.000313
44 1 25 0.001445 0.001450 0.000289
44 2 25 0.002894 0.001459 0.000578
44 3 25 0.004352 0.001472 0.000870
44 4 25 0.005822 0.001488 0.001166
44 5 25 0.007308 0.001508 0.001466
44 6 25 0.008811 0.001529 0.001771
44 7 25 0.010333 0.001550 0.002083
44 8 25 0.011875 0.001571 0.002400
44 9 25 0.013434 0.001590 0.002724
44 10 25 0.015007 0.001604 0.003055
44 11 25 0.016589 0.001612 0.003390
44 12 25 0.018173 0.001611 0.003730
44 13 25 0.019749 0.001599 0.004072
44 14 25 0.021304 0.001574 0.004413
44 15 25 0.022824 0.001532 0.004751
44 16 25 0.024291 0.001472 0.005081
44 17 25 0.025687 0.001392 0.005399
44 18 25 0.026989 0.001290 0.005699
44 19 25 0.028177 0.001165 0.005976
44 20 25 0.029227 0.001019 0.006224
44 21 25 0.030118 0.000851 0.006436
44 22 25 0.030831 0.000665 0.006607
44 23 25 0.031349 0.000464 0.006733
44 24 25 0.031658 0.000252 0.006808
44 25 25 0.031750 0.000034 0.006831
44 26 25 0.031623 -0.000184 0.006802
44 27 25 0.031279 -0.000398 0.006719
44 28 25 0.030727 -0.000601 0.006587
44 29 25 0.029978 -0.000790 0.006409
44 30 25 0.029049 -0.000961 0.006190
44 31 25 0.027960 -0.001112 0.005935
44 32 25 0.026733 -0.001242 0.005650
44 33 25 0.025388 -0.001350 0.005341
44 34 25 0.023949 -0.001436 0.005015
44 35 25 0.022435 -0.001503 0.004676
44 36 25 0.020866 -0.001553 0.004328
44 37 25 0.019259 -0.001586 0.003977
44 38 25 0.017627 -0.001607 0.003624
44 39 25 0.015984 -0.001616 0.003273
44 40 25 0.014339 -0.001618 0.002925
44 41 25 0.012699 -0.001613 0.002581
44 42 25 0.011068 -0.001604 0.002243
44 43 25 0.009451 -0.001594 0.001910
44 44 25 0.007847 -0.001582 0.001582
44 45 25 0.006258 -0.001572 0.001260
44 46 25 0.004681 -0.001563 0.000941
44 47 25 0.003115 -0.001557 0.000625
44 48 25 0.001555 -0.001554 0.000312
45 1 25 0.001154 0.001158 0.000288
45 2 25 0.002312 0.001165 0.000577
45 3 25 0.003476 0.001175 0.000868
45 4 25 0.004649 0.001187 0.001162
45 5 25 0.005833 0.001201 0.001460
45 6 25 0.007030 0.001217 0.001762
45 7 25 0.008241 0.001232 0.002069
45 8 25 0.009466 0.001247 0.002381
45 9 25 0.010702 0.001260 0.002698
45 10 25 0.011948 0.001269 0.003019
45 11 25 0.013198 0.001273 0.003344
45 12 25 0.014447 0.001270 0.003671
45 13 25 0.015688 0.001258 0.003997
45 14 25 0.016909 0.001235 0.004322
45 15 25 0.018099 0.001200 0.004641
45 16 25 0.019246 0.001150 0.004950
45 17 25 0.020334 0.001085 0.005247
45 18 25 0.021347 0.001003 0.005525
45 19 25 0.022269 0.000905 0.005779
45 20 25 0.023083 0.000789 0.006006
45 21 25 0.023772 0.000659 0.006199
45 22 25 0.024322 0.000514 0.006354
45 23 25 0.024720 0.000359 0.006467
45 24 25 0.024958 0.000195 0.006535
45 25 25 0.025029 0.000027 0.006555
45 26 25 0.024930 -0.000141 0.006528
45 27 25 0.024665 -0.000306 0.006454
45 28 25 0.024238 -0.000463 0.006334
45 29 25 0.023658 -0.000610 0.006172
45 30 25 0.022940 -0.000744 0.005971
45 31 25 0.022095 -0.000862 0.005737
45 32 25 0.021141 -0.000965 0.005474
45 33 25 0.020094 -0.001051 0.005188
45 34 25 0.018971 -0.001122 0.004883
45 35 25 0.017787 -0.001177 0.004564
45 36 25 0.016557 -0.001218 0.004236
45 37 25 0.015294 -0.001247 0.003901
45 38 25 0.014009 -0.001266 0.003564
45 39 25 0.012713 -0.001277 0.003225
45 40 25 0.011412 -0.001280 0.002888
45 41 25 0.010112 -0.001279 0.002553
45 42 25 0.008819 -0.001274 0.002222
45 43 25 0.007533 -0.001267 0.001895
45 44 25 0.006258 -0.001260 0.001572
45 45 25 0.004992 -0.001252 0.001252
45 46 25 0.003735 -0.001246 0.000936
45 47 25 0.002486 -0.001242 0.000623
45 48 25 0.001241 -0.001241 0.000311
46 1 25 0.000865 0.000867 0.000288
46 2 25 0.001732 0.000872 0.000576
46 3 25 0.002603 0.000879 0.000866
46 4 25 0.003481 0.000888 0.001159
46 5 25 0.004367 0.000898 0.001455
46 6 25 0.005261 0.000909 0.001755
46 7 25 0.006165 0.000920 0.002058
46 8 25 0.007078 0.000930 0.002366
46 9 25 0.007999 0.000938 0.002677
46 10 25 0.008926 0.000944 0.002991
46 11 25 0.009855 0.000945 0.003307
46 12 25 0.010781 0.000941 0.003624
46 13 25 0.011700 0.000931 0.003939
46 14 25 0.012602 0.000912 0.004251
46 15 25 0.013481 0.000885 0.004555
46 16 25 0.014325 0.000847 0.004850
46 17 25 0.015125 0.000797 0.005130
46 18 25 0.015869 0.000736 0.005391
46 19 25 0.016544 0.000663 0.005630
46 20 25 0.017139 0.000578 0.005841
46 21 25 0.017642 0.000481 0.006020
46 22 25 0.018043 0.000376 0.006163
46 23 25 0.018334 0.000262 0.006267
46 24 25 0.018506 0.000142 0.006330
46 25 25 0.018558 0.000020 0.006348
46 26 25 0.018486 -0.000103 0.006323
46 27 25 0.018292 -0.000223 0.006254
46 28 25 0.017980 -0.000338 0.006143
46 29 25 0.017557 -0.000445 0.005992
46 30 25 0.017031 -0.000544 0.005805
46 31 25 0.016413 -0.000631 0.005587
46 32 25 0.015714 -0.000708 0.005340
46 33 25 0.014945 -0.000772 0.005070
46 34 25 0.014118 -0.000826 0.004782
46 35 25 0.013246 -0.000868 0.004478
46 36 25 0.012337 -0.000900 0.004164
46 37 25 0.011403 -0.000923 0.003842
46 38 25 0.010452 -0.000939 0.003516
46 39 25 0.009490 -0.000948 0.003187
46 40 25 0.008523 -0.000952 0.002859
46 41 25 0.007556 -0.000952 0.002531
46 42 25 0.006592 -0.000950 0.002206
46 43 25 0.005633 -0.000945 0.001883
46 44 25 0.004681 -0.000941 0.001563
46 45 25 0.003735 -0.000936 0.001246
46 46 25 0.002795 -0.000932 0.000932
46 47 25 0.001860 -0.000930 0.000620
46 48 25 0.000929 -0.000929 0.000310
47 1 25 0.000576 0.000578 0.000287
47 2 25 0.001153 0.000581 0.000576
47 3 25 0.001733 0.000585 0.000865
47 4 25 0.002318 0.000591 0.001157
47 5 25 0.002907 0.000597 0.001452
47 6 25 0.003502 0.000604 0.001750
47 7 25 0.004102 0.000611 0.002051
47 8 25 0.004709 0.000617 0.002355
47 9 25 0.005320 0.000622 0.002662
47 10 25 0.005934 0.000625 0.002972
47 11 25 0.006549 0.000625 0.003282
47 12 25 0.007161 0.000622 0.003592
47 13 25 0.007768 0.000615 0.003899
47 14 25 0.008363 0.000602 0.004201
47 15 25 0.008942 0.000583 0.004496
47 16 25 0.009498 0.000557 0.004780
47 17 25 0.010024 0.000524 0.005049
47 18 25 0.010512 0.000483 0.005299
47 19 25 0.010954 0.000435 0.005526
47 20 25 0.011344 0.000378 0.005727
47 21 25 0.011673 0.000315 0.005896
47 22 25 0.011935 0.000246 0.006032
47 23 25 0.012125 0.000171 0.006130
47 24 25 0.012238 0.000093 0.006188
47 25 25 0.012271 0.000013 0.006206
47 26 25 0.012224 -0.000067 0.006182
47 27 25 0.012097 -0.000145 0.006116
47 28 25 0.011893 -0.000221 0.006011
47 29 25 0.011616 -0.000291 0.005868
47 30 25 0.011272 -0.000356 0.005691
47 31 25 0.010867 -0.000414 0.005483
47 32 25 0.010408 -0.000464 0.005247
47 33 25 0.009903 -0.000507 0.004989
47 34 25 0.009360 -0.000543 0.004711
47 35 25 0.008785 -0.000571 0.004418
47 36 25 0.008186 -0.000593 0.004114
47 37 25 0.007570 -0.000609 0.003801
47 38 25 0.006941 -0.000620 0.003482
47 39 25 0.006305 -0.000627 0.003161
47 40 25 0.005665 -0.000631 0.002838
47 41 25 0.005024 -0.000631 0.002515
47 42 25 0.004384 -0.000630 0.002194
47 43 25 0.003747 -0.000628 0.001874
47 44 25 0.003115 -0.000625 0.001557
47 45 25 0.002486 -0.000623 0.001242
47 46 25 0.001860 -0.000620 0.000930
47 47 25 0.001238 -0.000619 0.000619
47 48 25 0.000619 -0.000618 0.000309
48 1 25 0.000288 0.000289 0.000287
48 2 25 0.000576 0.000290 0.000576
48 3 25 0.000866 0.000292 0.000865
48 4 25 0.001158 0.000295 0.001157
48 5 25 0.001452 0.000298 0.001451
48 6 25 0.001749 0.000302 0.001748
48 7 25 0.002049 0.000305 0.002048
48 8 25 0.002351 0.000308 0.002350
48 9 25 0.002656 0.000310 0.002655
48 10 25 0.002962 0.000311 0.002962
48 11 25 0.003268 0.000311 0.003269
48 12 25 0.003573 0.000309 0.003574
48 13 25 0.003874 0.000305 0.003877
48 14 25 0.004170 0.000299 0.004174
48 15 25 0.004458 0.000289 0.004463
48 16 25 0.004733 0.000276 0.004741
48 17 25 0.004994 0.000260 0.005003
48 18 25 0.005236 0.000239 0.005247
48 19 25 0.005455 0.000215 0.005468
48 20 25 0.005647 0.000187 0.005662
48 21 25 0.005810 0.000156 0.005827
48 22 25 0.005940 0.000122 0.005958
48 23 25 0.006033 0.000085 0.006052
48 24 25 0.006089 0.000046 0.006109
48 25 25 0.006105 0.000007 0.006125
48 26 25 0.006082 -0.000033 0.006102
48 27 25 0.006019 -0.000072 0.006038
48 28 25 0.005919 -0.000109 0.005937
48 29 25 0.005782 -0.000144 0.005798
48 30 25 0.005611 -0.000176 0.005627
48 31 25 0.005411 -0.000205 0.005424
48 32 25 0.005184 -0.000230 0.005195
48 33 25 0.004933 -0.000251 0.004943
48 34 25 0.004664 -0.000269 0.004672
48 35 25 0.004379 -0.000284 0.004385
48 36 25 0.004082 -0.000295 0.004086
48 37 25 0.003775 -0.000303 0.003778
48 38 25 0.003462 -0.000309 0.003465
48 39 25 0.003146 -0.000312 0.003147
48 40 25 0.002827 -0.000314 0.002827
48 41 25 0.002508 -0.000315 0.002507
48 42 25 0.002189 -0.000314 0.002188
48 43 25 0.001871 -0.000313 0.001870
48 44 25 0.001555 -0.000312 0.001554
48 45 25 0.001241 -0.000311 0.001241
48 46 25 0.000929 -0.000310 0.000929
48 47 25 0.000619 -0.000309 0.000618
48 48 25 0.000309 -0.000309 0.000309
