1.588000000000000000e+03
1.459000000000000000e+03
1.339000000000000000e+03
1.227000000000000000e+03
1.123000000000000000e+03
1.026000000000000000e+03
9.340000000000000000e+02
8.480000000000000000e+02
7.660000000000000000e+02
6.880000000000000000e+02
6.140000000000000000e+02
5.440000000000000000e+02
4.750000000000000000e+02
4.100000000000000000e+02
3.460000000000000000e+02
2.830000000000000000e+02
2.190000000000000000e+02
1.510000000000000000e+02
1.100000000000000000e+02
2.250000000000000000e+02
