33.941125 0.000269 0.000382
33.241540 0.000538 0.000604
32.557641 0.000809 0.000855
31.890437 0.001080 0.001117
31.240999 0.001354 0.001386
30.610456 0.001629 0.001658
30.000000 0.001905 0.001933
29.410882 0.002184 0.002209
28.844410 0.002463 0.002488
28.301943 0.002742 0.002767
27.784888 0.003020 0.003045
27.294688 0.003296 0.003322
26.832816 0.003568 0.003595
26.400758 0.003833 0.003860
26.000000 0.004090 0.004118
25.632011 0.004335 0.004364
25.298221 0.004565 0.004596
25.000000 0.004778 0.004810
24.738634 0.004971 0.005004
24.515301 0.005140 0.005174
24.331050 0.005282 0.005316
24.186773 0.005394 0.005429
24.083189 0.005476 0.005511
24.020824 0.005524 0.005560
24.000000 0.005537 0.005574
24.020824 0.005517 0.005553
24.083189 0.005462 0.005497
24.186773 0.005374 0.005409
24.331050 0.005254 0.005289
24.515301 0.005105 0.005138
24.738634 0.004929 0.004961
25.000000 0.004728 0.004759
25.298221 0.004507 0.004537
25.632011 0.004268 0.004297
26.000000 0.004014 0.004042
26.400758 0.003748 0.003775
26.832816 0.003473 0.003499
27.294688 0.003190 0.003216
27.784888 0.002903 0.002929
28.301943 0.002613 0.002639
28.844410 0.002321 0.002348
29.410882 0.002029 0.002056
30.000000 0.001737 0.001767
30.610456 0.001445 0.001479
31.240999 0.001154 0.001193
31.890437 0.000865 0.000914
32.557641 0.000576 0.000645
33.241540 0.000288 0.000407
33.241540 0.000538 0.000604
32.526912 0.001077 0.000767
31.827661 0.001619 0.000981
31.144823 0.002163 0.001220
30.479501 0.002710 0.001473
29.832868 0.003261 0.001735
29.206164 0.003816 0.002004
28.600699 0.004374 0.002277
28.017851 0.004934 0.002553
27.459060 0.005495 0.002832
26.925824 0.006054 0.003110
26.419690 0.006608 0.003387
25.942244 0.007155 0.003660
25.495098 0.007689 0.003928
25.079872 0.008205 0.004188
24.698178 0.008699 0.004437
24.351591 0.009164 0.004671
24.041631 0.009594 0.004889
23.769729 0.009983 0.005084
23.537205 0.010324 0.005256
23.345235 0.010611 0.005402
23.194827 0.010839 0.005517
23.086793 0.011003 0.005600
23.021729 0.011100 0.005650
23.000000 0.011128 0.005664
23.021729 0.011087 0.005642
23.086793 0.010976 0.005586
23.194827 0.010798 0.005495
23.345235 0.010555 0.005373
23.537205 0.010254 0.005220
23.769729 0.009898 0.005041
24.041631 0.009494 0.004836
24.351591 0.009048 0.004612
24.698178 0.008566 0.004369
25.079872 0.008054 0.004112
25.495098 0.007518 0.003843
25.942244 0.006964 0.003565
26.419690 0.006397 0.003282
26.925824 0.005820 0.002996
27.459060 0.005238 0.002707
28.017851 0.004652 0.002418
28.600699 0.004065 0.002131
29.206164 0.003479 0.001847
29.832868 0.002894 0.001569
30.479501 0.002312 0.001300
31.144823 0.001732 0.001045
31.827661 0.001153 0.000818
32.526912 0.000576 0.000645
32.557641 0.000809 0.000855
31.827661 0.001619 0.000981
31.112698 0.002432 0.001160
30.413813 0.003250 0.001373
29.732137 0.004073 0.001608
29.068884 0.004903 0.001857
28.425341 0.005738 0.002117
27.802878 0.006579 0.002385
27.202941 0.007423 0.002658
26.627054 0.008269 0.002934
26.076810 0.009114 0.003212
25.553865 0.009952 0.003490
25.059928 0.010779 0.003766
24.596748 0.011588 0.004037
24.166092 0.012372 0.004300
23.769729 0.013122 0.004553
23.409400 0.013830 0.004792
23.086793 0.014484 0.005013
22.803509 0.015077 0.005215
22.561028 0.015597 0.005391
22.360680 0.016035 0.005540
22.203603 0.016383 0.005659
22.090722 0.016635 0.005744
22.022716 0.016784 0.005794
22.000000 0.016827 0.005809
22.022716 0.016763 0.005787
22.090722 0.016594 0.005729
22.203603 0.016322 0.005636
22.360680 0.015952 0.005510
22.561028 0.015492 0.005353
22.803509 0.014950 0.005170
23.086793 0.014334 0.004961
23.409400 0.013655 0.004731
23.769729 0.012923 0.004484
24.166092 0.012146 0.004223
24.596748 0.011333 0.003951
25.059928 0.010494 0.003672
25.553865 0.009636 0.003388
26.076810 0.008764 0.003101
26.627054 0.007884 0.002813
27.202941 0.007000 0.002529
27.802878 0.006115 0.002248
28.425341 0.005232 0.001974
29.068884 0.004352 0.001710
29.732137 0.003476 0.001461
30.413813 0.002603 0.001234
31.112698 0.001733 0.001044
31.827661 0.000866 0.000913
31.890437 0.001080 0.001117
31.144823 0.002163 0.001220
30.413813 0.003250 0.001373
29.698485 0.004344 0.001564
29.000000 0.005445 0.001780
28.319605 0.006556 0.002016
27.658633 0.007675 0.002267
27.018512 0.008803 0.002528
26.400758 0.009937 0.002797
25.806976 0.011075 0.003072
25.238859 0.012212 0.003351
24.698178 0.013343 0.003631
24.186773 0.014460 0.003910
23.706539 0.015554 0.004186
23.259407 0.016616 0.004454
22.847319 0.017634 0.004713
22.472205 0.018596 0.004958
22.135944 0.019487 0.005187
21.840330 0.020295 0.005395
21.587033 0.021004 0.005577
21.377558 0.021604 0.005732
21.213203 0.022081 0.005855
21.095023 0.022425 0.005943
21.023796 0.022629 0.005996
21.000000 0.022689 0.006011
21.023796 0.022602 0.005988
21.095023 0.022371 0.005928
21.213203 0.021999 0.005831
21.377558 0.021494 0.005701
21.587033 0.020866 0.005538
21.840330 0.020126 0.005348
22.135944 0.019288 0.005133
22.472205 0.018364 0.004896
22.847319 0.017369 0.004643
23.259407 0.016315 0.004376
23.706539 0.015215 0.004100
24.186773 0.014081 0.003817
24.698178 0.012922 0.003530
25.238859 0.011747 0.003243
25.806976 0.010562 0.002958
26.400758 0.009374 0.002677
27.018512 0.008186 0.002404
27.658633 0.007002 0.002140
28.319605 0.005822 0.001890
29.000000 0.004649 0.001661
29.698485 0.003481 0.001460
30.413813 0.002318 0.001299
31.144823 0.001158 0.001194
31.240999 0.001354 0.001386
30.479501 0.002710 0.001473
29.732137 0.004073 0.001608
29.000000 0.005445 0.001780
28.284271 0.006828 0.001983
27.586228 0.008224 0.002206
26.907248 0.009632 0.002448
26.248809 0.011053 0.002703
25.612497 0.012484 0.002970
25.000000 0.013921 0.003244
24.413111 0.015361 0.003524
23.853721 0.016794 0.003807
23.323808 0.018214 0.004091
22.825424 0.019607 0.004373
22.360680 0.020962 0.004650
21.931712 0.022264 0.004917
21.540659 0.023496 0.005172
21.189620 0.024640 0.005409
20.880613 0.025679 0.005626
20.615528 0.026594 0.005817
20.396078 0.027368 0.005980
20.223748 0.027984 0.006109
20.099751 0.028430 0.006203
20.024984 0.028696 0.006259
20.000000 0.028774 0.006275
20.024984 0.028662 0.006250
20.099751 0.028363 0.006187
20.223748 0.027883 0.006084
20.396078 0.027231 0.005947
20.615528 0.026422 0.005777
20.880613 0.025470 0.005577
21.189620 0.024392 0.005353
21.540659 0.023207 0.005108
21.931712 0.021933 0.004846
22.360680 0.020587 0.004571
22.825424 0.019185 0.004288
23.323808 0.017742 0.004000
23.853721 0.016270 0.003710
24.413111 0.014780 0.003421
25.000000 0.013282 0.003137
25.612497 0.011781 0.002860
26.248809 0.010283 0.002592
26.907248 0.008791 0.002338
27.586228 0.007308 0.002103
28.284271 0.005833 0.001891
29.000000 0.004367 0.001710
29.732137 0.002907 0.001570
30.479501 0.001452 0.001481
30.610456 0.001629 0.001658
29.832868 0.003261 0.001735
29.068884 0.004903 0.001857
28.319605 0.006556 0.002016
27.586228 0.008224 0.002206
26.870058 0.009909 0.002421
26.172505 0.011612 0.002656
25.495098 0.013332 0.002906
24.839485 0.015068 0.003171
24.207437 0.016816 0.003446
23.600847 0.018569 0.003730
23.021729 0.020320 0.004018
22.472205 0.022057 0.004310
21.954498 0.023767 0.004601
21.470911 0.025434 0.004888
21.023796 0.027040 0.005167
20.615528 0.028563 0.005433
20.248457 0.029983 0.005684
19.924859 0.031274 0.005913
19.646883 0.032414 0.006116
19.416488 0.033380 0.006288
19.235384 0.034152 0.006427
19.104973 0.034711 0.006526
19.026298 0.035044 0.006587
19.000000 0.035143 0.006603
19.026298 0.035004 0.006577
19.104973 0.034631 0.006508
19.235384 0.034031 0.006399
19.416488 0.033218 0.006253
19.646883 0.032208 0.006071
19.924859 0.031024 0.005860
20.248457 0.029686 0.005624
20.615528 0.028219 0.005366
21.023796 0.026645 0.005092
21.470911 0.024986 0.004807
21.954498 0.023263 0.004516
22.472205 0.021493 0.004220
23.021729 0.019693 0.003924
23.600847 0.017875 0.003633
24.207437 0.016051 0.003348
24.839485 0.014227 0.003072
25.495098 0.012411 0.002810
26.172505 0.010605 0.002564
26.870058 0.008811 0.002340
27.586228 0.007030 0.002141
28.319605 0.005261 0.001976
29.068884 0.003502 0.001851
29.832868 0.001749 0.001774
30.000000 0.001905 0.001933
29.206164 0.003816 0.002004
28.425341 0.005738 0.002117
27.658633 0.007675 0.002267
26.907248 0.009632 0.002448
26.172505 0.011612 0.002656
25.455844 0.013615 0.002886
24.758837 0.015644 0.003135
24.083189 0.017695 0.003400
23.430749 0.019764 0.003678
22.803509 0.021846 0.003967
22.203603 0.023930 0.004263
21.633308 0.026004 0.004565
21.095023 0.028052 0.004867
20.591260 0.030054 0.005167
20.124612 0.031990 0.005461
19.697716 0.033832 0.005744
19.313208 0.035553 0.006011
18.973666 0.037125 0.006256
18.681542 0.038516 0.006474
18.439089 0.039698 0.006661
18.248288 0.040644 0.006810
18.110770 0.041332 0.006919
18.027756 0.041742 0.006984
18.000000 0.041865 0.007003
18.027756 0.041696 0.006974
18.110770 0.041239 0.006899
18.248288 0.040504 0.006781
18.439089 0.039509 0.006623
18.681542 0.038277 0.006427
18.973666 0.036835 0.006201
19.313208 0.035210 0.005947
19.697716 0.033433 0.005674
20.124612 0.031532 0.005386
20.591260 0.029535 0.005086
21.095023 0.027467 0.004782
21.633308 0.025349 0.004476
22.203603 0.023202 0.004173
22.803509 0.021040 0.003875
23.430749 0.018875 0.003587
24.083189 0.016717 0.003312
24.758837 0.014572 0.003053
25.455844 0.012444 0.002812
26.172505 0.010333 0.002596
26.907248 0.008241 0.002408
27.658633 0.006165 0.002254
28.425341 0.004102 0.002140
29.206164 0.002049 0.002071
29.410882 0.002184 0.002209
28.600699 0.004374 0.002277
27.802878 0.006579 0.002385
27.018512 0.008803 0.002528
26.248809 0.011053 0.002703
25.495098 0.013332 0.002906
24.758837 0.015644 0.003135
24.041631 0.017989 0.003384
23.345235 0.020366 0.003652
22.671568 0.022771 0.003936
22.022716 0.025197 0.004232
21.400935 0.027633 0.004539
20.808652 0.030066 0.004854
20.248457 0.032478 0.005172
19.723083 0.034845 0.005490
19.235384 0.037140 0.005803
18.788294 0.039334 0.006107
18.384776 0.041392 0.006394
18.027756 0.043277 0.006660
17.720045 0.044953 0.006899
17.464249 0.046381 0.007104
17.262677 0.047527 0.007269
17.117243 0.048362 0.007389
17.029386 0.048862 0.007460
17.000000 0.049013 0.007481
17.029386 0.048810 0.007449
17.117243 0.048257 0.007367
17.262677 0.047368 0.007236
17.464249 0.046167 0.007062
17.720045 0.044682 0.006848
18.027756 0.042949 0.006601
18.384776 0.041002 0.006328
18.788294 0.038881 0.006033
19.235384 0.036621 0.005725
19.723083 0.034254 0.005407
20.248457 0.031813 0.005086
20.808652 0.029323 0.004767
21.400935 0.026806 0.004452
22.022716 0.024280 0.004146
22.671568 0.021759 0.003854
23.345235 0.019253 0.003576
24.041631 0.016769 0.003317
24.758837 0.014309 0.003079
25.495098 0.011875 0.002868
26.248809 0.009466 0.002688
27.018512 0.007078 0.002542
27.802878 0.004709 0.002434
28.600699 0.002351 0.002370
28.844410 0.002463 0.002488
28.017851 0.004934 0.002553
27.202941 0.007423 0.002658
26.400758 0.009937 0.002797
25.612497 0.012484 0.002970
24.839485 0.015068 0.003171
24.083189 0.017695 0.003400
23.345235 0.020366 0.003652
22.627417 0.023081 0.003924
21.931712 0.025836 0.004217
21.260292 0.028624 0.004525
20.615528 0.031436 0.004846
20.000000 0.034254 0.005178
19.416488 0.037058 0.005516
18.867962 0.039823 0.005856
18.357560 0.042516 0.006193
17.888544 0.045102 0.006523
17.464249 0.047539 0.006838
17.088007 0.049781 0.007131
16.763055 0.051782 0.007395
16.492423 0.053494 0.007623
16.278821 0.054873 0.007808
16.124515 0.055881 0.007943
16.031220 0.056487 0.008025
16.000000 0.056671 0.008047
16.031220 0.056428 0.008012
16.124515 0.055763 0.007920
16.278821 0.054696 0.007772
16.492423 0.053255 0.007577
16.763055 0.051480 0.007339
17.088007 0.049414 0.007067
17.464249 0.047104 0.006766
17.888544 0.044597 0.006446
18.357560 0.041936 0.006112
18.867962 0.039164 0.005772
19.416488 0.036316 0.005430
20.000000 0.033423 0.005092
20.615528 0.030511 0.004762
21.260292 0.027600 0.004445
21.931712 0.024705 0.004143
22.627417 0.021836 0.003861
23.345235 0.018999 0.003599
24.083189 0.016199 0.003362
24.839485 0.013434 0.003154
25.612497 0.010702 0.002978
26.400758 0.007999 0.002837
27.202941 0.005320 0.002734
28.017851 0.002656 0.002673
28.301943 0.002742 0.002767
27.459060 0.005495 0.002832
26.627054 0.008269 0.002934
25.806976 0.011075 0.003072
25.000000 0.013921 0.003244
24.207437 0.016816 0.003446
23.430749 0.019764 0.003678
22.671568 0.022771 0.003936
21.931712 0.025836 0.004217
21.213203 0.028957 0.004520
20.518285 0.032128 0.004842
19.849433 0.035338 0.005182
19.209373 0.038571 0.005534
18.601075 0.041802 0.005897
18.027756 0.045004 0.006265
17.492856 0.048140 0.006633
17.000000 0.051166 0.006996
16.552945 0.054032 0.007345
16.155494 0.056684 0.007672
15.811388 0.059062 0.007970
15.524175 0.061107 0.008229
15.297059 0.062762 0.008440
15.132746 0.063975 0.008595
15.033296 0.064707 0.008688
15.000000 0.064933 0.008715
15.033296 0.064643 0.008674
15.132746 0.063846 0.008568
15.297059 0.062566 0.008400
15.524175 0.060845 0.008178
15.811388 0.058731 0.007910
16.155494 0.056281 0.007603
16.552945 0.053554 0.007269
17.000000 0.050610 0.006915
17.492856 0.047501 0.006549
18.027756 0.044279 0.006179
18.601075 0.040985 0.005811
19.209373 0.037656 0.005451
19.849433 0.034320 0.005102
20.518285 0.030999 0.004770
21.213203 0.027709 0.004455
21.931712 0.024461 0.004164
22.671568 0.021261 0.003898
23.430749 0.018110 0.003659
24.207437 0.015007 0.003450
25.000000 0.011948 0.003275
25.806976 0.008926 0.003136
26.627054 0.005934 0.003037
27.459060 0.002962 0.002978
27.784888 0.003020 0.003045
26.925824 0.006054 0.003110
26.076810 0.009114 0.003212
25.238859 0.012212 0.003351
24.413111 0.015361 0.003524
23.600847 0.018569 0.003730
22.803509 0.021846 0.003967
22.022716 0.025197 0.004232
21.260292 0.028624 0.004525
20.518285 0.032128 0.004842
19.798990 0.035703 0.005183
19.104973 0.039338 0.005545
18.439089 0.043017 0.005924
17.804494 0.046714 0.006317
17.204651 0.050398 0.006720
16.643317 0.054028 0.007125
16.124515 0.057552 0.007529
15.652476 0.060911 0.007920
15.231546 0.064038 0.008292
14.866069 0.066859 0.008633
14.560220 0.069299 0.008931
14.317821 0.071282 0.009177
14.142136 0.072744 0.009359
14.035669 0.073629 0.009468
14.000000 0.073905 0.009500
14.035669 0.073559 0.009454
14.142136 0.072603 0.009329
14.317821 0.071070 0.009134
14.560220 0.069013 0.008876
14.866069 0.066499 0.008566
15.231546 0.063600 0.008217
15.652476 0.060391 0.007839
16.124515 0.056947 0.007443
16.643317 0.053333 0.007038
17.204651 0.049609 0.006631
17.804494 0.045824 0.006230
18.439089 0.042020 0.005841
19.104973 0.038228 0.005469
19.798990 0.034471 0.005117
20.518285 0.030766 0.004788
21.260292 0.027123 0.004484
22.022716 0.023547 0.004209
22.803509 0.020037 0.003965
23.600847 0.016589 0.003754
24.413111 0.013198 0.003578
25.238859 0.009855 0.003439
26.076810 0.006549 0.003341
26.925824 0.003268 0.003284
27.294688 0.003296 0.003322
26.419690 0.006608 0.003387
25.553865 0.009952 0.003490
24.698178 0.013343 0.003631
23.853721 0.016794 0.003807
23.021729 0.020320 0.004018
22.203603 0.023930 0.004263
21.400935 0.027633 0.004539
20.615528 0.031436 0.004846
19.849433 0.035338 0.005182
19.104973 0.039338 0.005545
18.384776 0.043426 0.005933
17.691806 0.047586 0.006343
17.029386 0.051792 0.006774
16.401219 0.056009 0.007218
15.811388 0.060193 0.007670
15.264338 0.064283 0.008125
14.764823 0.068211 0.008571
14.317821 0.071894 0.008998
13.928388 0.075240 0.009394
13.601471 0.078153 0.009745
13.341664 0.080536 0.010036
13.152946 0.082302 0.010254
13.038405 0.083378 0.010386
13.000000 0.083717 0.010425
13.038405 0.083302 0.010369
13.152946 0.082151 0.010221
13.341664 0.080308 0.009988
13.601471 0.077846 0.009684
13.928388 0.074852 0.009322
14.317821 0.071421 0.008917
14.764823 0.067651 0.008482
15.264338 0.063631 0.008032
15.811388 0.059444 0.007578
16.401219 0.055158 0.007126
17.029386 0.050832 0.006686
17.691806 0.046510 0.006263
18.384776 0.042228 0.005861
19.104973 0.038008 0.005484
19.849433 0.033867 0.005136
20.615528 0.029812 0.004818
21.400935 0.025848 0.004532
22.203603 0.021970 0.004279
23.021729 0.018173 0.004063
23.853721 0.014447 0.003884
24.698178 0.010781 0.003744
25.553865 0.007161 0.003645
26.419690 0.003573 0.003587
26.832816 0.003568 0.003595
25.942244 0.007155 0.003660
25.059928 0.010779 0.003766
24.186773 0.014460 0.003910
23.323808 0.018214 0.004091
22.472205 0.022057 0.004310
21.633308 0.026004 0.004565
20.808652 0.030066 0.004854
20.000000 0.034254 0.005178
19.209373 0.038571 0.005534
18.439089 0.043017 0.005924
17.691806 0.047586 0.006343
16.970563 0.052263 0.006792
16.278821 0.057024 0.007265
15.620499 0.061832 0.007759
15.000000 0.066637 0.008269
14.422205 0.071374 0.008786
13.892444 0.075961 0.009300
13.416408 0.080299 0.009799
13.000000 0.084275 0.010267
12.649111 0.087764 0.010687
12.369317 0.090640 0.011039
12.165525 0.092784 0.011306
12.041595 0.094099 0.011469
12.000000 0.094518 0.011519
12.041595 0.094019 0.011450
12.165525 0.092623 0.011269
12.369317 0.090396 0.010986
12.649111 0.087436 0.010619
13.000000 0.083860 0.010187
13.416408 0.079795 0.009710
13.892444 0.075363 0.009206
14.422205 0.070678 0.008689
15.000000 0.065837 0.008172
15.620499 0.060922 0.007666
16.278821 0.055997 0.007178
16.970563 0.051112 0.006713
17.691806 0.046303 0.006276
18.439089 0.041592 0.005871
19.209373 0.036993 0.005498
20.000000 0.032513 0.005161
20.808652 0.028150 0.004860
21.633308 0.023899 0.004599
22.472205 0.019749 0.004375
23.323808 0.015688 0.004190
24.186773 0.011700 0.004048
25.059928 0.007768 0.003947
25.942244 0.003874 0.003889
26.400758 0.003833 0.003860
25.495098 0.007689 0.003928
24.596748 0.011588 0.004037
23.706539 0.015554 0.004186
22.825424 0.019607 0.004373
21.954498 0.023767 0.004601
21.095023 0.028052 0.004867
20.248457 0.032478 0.005172
19.416488 0.037058 0.005516
18.601075 0.041802 0.005897
17.804494 0.046714 0.006317
17.029386 0.051792 0.006774
16.278821 0.057024 0.007265
15.556349 0.062388 0.007791
14.866069 0.067848 0.008345
14.212670 0.073353 0.008922
13.601471 0.078829 0.009517
13.038405 0.084184 0.010116
12.529964 0.089299 0.010705
12.083046 0.094035 0.011267
11.704700 0.098233 0.011779
11.401754 0.101726 0.012215
11.180340 0.104352 0.012550
11.045361 0.105973 0.012758
11.000000 0.106496 0.012822
11.045361 0.105888 0.012737
11.180340 0.104181 0.012508
11.401754 0.101468 0.012155
11.704700 0.097885 0.011703
12.083046 0.093595 0.011178
12.529964 0.088764 0.010608
13.038405 0.083549 0.010013
13.601471 0.078090 0.009413
14.212670 0.072504 0.008820
14.866069 0.066882 0.008247
15.556349 0.061298 0.007701
16.278821 0.055802 0.007187
17.029386 0.050428 0.006709
17.804494 0.045199 0.006270
18.601075 0.040124 0.005870
19.416488 0.035205 0.005512
20.248457 0.030436 0.005194
21.095023 0.025807 0.004918
21.954498 0.021304 0.004685
22.825424 0.016909 0.004495
23.706539 0.012602 0.004348
24.596748 0.008363 0.004244
25.495098 0.004170 0.004185
26.000000 0.004090 0.004118
25.079872 0.008205 0.004188
24.166092 0.012372 0.004300
23.259407 0.016616 0.004454
22.360680 0.020962 0.004650
21.470911 0.025434 0.004888
20.591260 0.030054 0.005167
19.723083 0.034845 0.005490
18.867962 0.039823 0.005856
18.027756 0.045004 0.006265
17.204651 0.050398 0.006720
16.401219 0.056009 0.007218
15.620499 0.061832 0.007759
14.866069 0.067848 0.008345
14.142136 0.074026 0.008970
13.453624 0.080314 0.009630
12.806248 0.086635 0.010319
12.206556 0.092886 0.011023
11.661904 0.098928 0.011729
11.180340 0.104591 0.012413
10.770330 0.109673 0.013049
10.440307 0.113950 0.013602
10.198039 0.117199 0.014033
10.049876 0.119223 0.014306
10.000000 0.119884 0.014391
10.049876 0.119133 0.014281
10.198039 0.117019 0.013985
10.440307 0.113678 0.013533
10.770330 0.109307 0.012964
11.180340 0.104129 0.012315
11.661904 0.098365 0.011622
12.206556 0.092218 0.010912
12.806248 0.085857 0.010206
13.453624 0.079419 0.009522
14.142136 0.073008 0.008869
14.866069 0.066699 0.008255
15.620499 0.060543 0.007683
16.401219 0.054571 0.007157
17.204651 0.048799 0.006679
18.027756 0.043232 0.006247
18.867962 0.037864 0.005864
19.723083 0.032685 0.005527
20.591260 0.027678 0.005236
21.470911 0.022824 0.004992
22.360680 0.018099 0.004794
23.259407 0.013481 0.004640
24.166092 0.008942 0.004534
25.079872 0.004458 0.004472
25.632011 0.004335 0.004364
24.698178 0.008699 0.004437
23.769729 0.013122 0.004553
22.847319 0.017634 0.004713
21.931712 0.022264 0.004917
21.023796 0.027040 0.005167
20.124612 0.031990 0.005461
19.235384 0.037140 0.005803
18.357560 0.042516 0.006193
17.492856 0.048140 0.006633
16.643317 0.054028 0.007125
15.811388 0.060193 0.007670
15.000000 0.066637 0.008269
14.212670 0.073353 0.008922
13.453624 0.080314 0.009630
12.727922 0.087474 0.010387
12.041595 0.094758 0.011191
11.401754 0.102053 0.012026
10.816654 0.109204 0.012880
10.295630 0.116005 0.013726
9.848858 0.122200 0.014530
9.486833 0.127492 0.015247
9.219544 0.131565 0.015820
9.055385 0.134132 0.016191
9.000000 0.134982 0.016311
9.055385 0.134038 0.016163
9.219544 0.131377 0.015766
9.486833 0.127208 0.015170
9.848858 0.121818 0.014434
10.295630 0.115521 0.013617
10.816654 0.108615 0.012762
11.401754 0.101354 0.011906
12.041595 0.093943 0.011070
12.727922 0.086537 0.010274
13.453624 0.079248 0.009526
14.212670 0.072149 0.008832
15.000000 0.065286 0.008195
15.811388 0.058684 0.007615
16.643317 0.052350 0.007092
17.492856 0.046279 0.006625
18.357560 0.040459 0.006214
19.235384 0.034870 0.005854
20.124612 0.029490 0.005547
21.023796 0.024291 0.005290
21.931712 0.019246 0.005082
22.847319 0.014325 0.004923
23.769729 0.009498 0.004812
24.698178 0.004733 0.004749
25.298221 0.004565 0.004596
24.351591 0.009164 0.004671
23.409400 0.013830 0.004792
22.472205 0.018596 0.004958
21.540659 0.023496 0.005172
20.615528 0.028563 0.005433
19.697716 0.033832 0.005744
18.788294 0.039334 0.006107
17.888544 0.045102 0.006523
17.000000 0.051166 0.006996
16.124515 0.057552 0.007529
15.264338 0.064283 0.008125
14.422205 0.071374 0.008786
13.601471 0.078829 0.009517
12.806248 0.086635 0.010319
12.041595 0.094758 0.011191
11.313708 0.103129 0.012130
10.630146 0.111637 0.013128
10.000000 0.120113 0.014170
9.433981 0.128319 0.015230
8.944272 0.135933 0.016266
8.544004 0.142560 0.017218
8.246211 0.147752 0.018005
8.062258 0.151073 0.018531
8.000000 0.152190 0.018708
8.062258 0.150975 0.018498
8.246211 0.147557 0.017942
8.544004 0.142265 0.017129
8.944272 0.135535 0.016157
9.433981 0.127815 0.015108
10.000000 0.119500 0.014041
10.630146 0.110909 0.012996
11.313708 0.102281 0.012001
12.041595 0.093783 0.011070
12.806248 0.085525 0.010210
13.601471 0.077575 0.009424
14.422205 0.069967 0.008713
15.264338 0.062711 0.008073
16.124515 0.055802 0.007502
17.000000 0.049224 0.006997
17.888544 0.042954 0.006555
18.788294 0.036962 0.006172
19.697716 0.031218 0.005846
20.615528 0.025687 0.005576
21.540659 0.020334 0.005358
22.472205 0.015125 0.005192
23.409400 0.010024 0.005076
24.351591 0.004994 0.005010
25.000000 0.004778 0.004810
24.041631 0.009594 0.004889
23.086793 0.014484 0.005013
22.135944 0.019487 0.005187
21.189620 0.024640 0.005409
20.248457 0.029983 0.005684
19.313208 0.035553 0.006011
18.384776 0.041392 0.006394
17.464249 0.047539 0.006838
16.552945 0.054032 0.007345
15.652476 0.060911 0.007920
14.764823 0.068211 0.008571
13.892444 0.075961 0.009300
13.038405 0.084184 0.010116
12.206556 0.092886 0.011023
11.401754 0.102053 0.012026
10.630146 0.111637 0.013128
9.899495 0.121540 0.014325
9.219544 0.131593 0.015606
8.602325 0.141533 0.016948
8.062258 0.150973 0.018305
7.615773 0.159389 0.019603
7.280110 0.166142 0.020724
7.071068 0.170552 0.021509
7.000000 0.172063 0.021787
7.071068 0.170451 0.021471
7.280110 0.165940 0.020651
7.615773 0.159084 0.019501
8.062258 0.150561 0.018182
8.602325 0.141012 0.016810
9.219544 0.130959 0.015463
9.899495 0.120787 0.014181
10.630146 0.110759 0.012990
11.401754 0.101044 0.011899
12.206556 0.091737 0.010910
13.038405 0.082885 0.010021
13.892444 0.074503 0.009228
14.764823 0.066581 0.008523
15.652476 0.059096 0.007900
16.552945 0.052018 0.007355
17.464249 0.045308 0.006881
18.384776 0.038928 0.006473
19.313208 0.032835 0.006128
20.248457 0.026989 0.005843
21.189620 0.021347 0.005615
22.135944 0.015869 0.005441
23.086793 0.010512 0.005321
24.041631 0.005236 0.005252
24.738634 0.004971 0.005004
23.769729 0.009983 0.005084
22.803509 0.015077 0.005215
21.840330 0.020295 0.005395
20.880613 0.025679 0.005626
19.924859 0.031274 0.005913
18.973666 0.037125 0.006256
18.027756 0.043277 0.006660
17.088007 0.049781 0.007131
16.155494 0.056684 0.007672
15.231546 0.064038 0.008292
14.317821 0.071894 0.008998
13.416408 0.080299 0.009799
12.529964 0.089299 0.010705
11.661904 0.098928 0.011729
10.816654 0.109204 0.012880
10.000000 0.120113 0.014170
9.219544 0.131593 0.015606
8.485281 0.143501 0.017188
7.810250 0.155573 0.018901
7.211103 0.167370 0.020704
6.708204 0.178224 0.022515
6.324555 0.187222 0.024175
6.082763 0.193281 0.025421
6.000000 0.195412 0.025899
6.082763 0.193177 0.025375
6.324555 0.187014 0.024089
6.708204 0.177910 0.022396
7.211103 0.166946 0.020564
7.810250 0.155037 0.018747
8.485281 0.142849 0.017029
9.219544 0.130818 0.015450
10.000000 0.119210 0.014022
10.816654 0.108164 0.012746
11.661904 0.097744 0.011612
12.529964 0.087961 0.010610
13.416408 0.078796 0.009728
14.317821 0.070213 0.008954
15.231546 0.062166 0.008279
16.155494 0.054605 0.007691
17.088007 0.047477 0.007185
18.027756 0.040731 0.006752
18.973666 0.034314 0.006388
19.924859 0.028177 0.006088
20.880613 0.022269 0.005849
21.840330 0.016544 0.005669
22.803509 0.010954 0.005543
23.769729 0.005455 0.005472
24.515301 0.005140 0.005174
23.537205 0.010324 0.005256
22.561028 0.015597 0.005391
21.587033 0.021004 0.005577
20.615528 0.026594 0.005817
19.646883 0.032414 0.006116
18.681542 0.038516 0.006474
17.720045 0.044953 0.006899
16.763055 0.051782 0.007395
15.811388 0.059062 0.007970
14.866069 0.066859 0.008633
13.928388 0.075240 0.009394
13.000000 0.084275 0.010267
12.083046 0.094035 0.011267
11.180340 0.104591 0.012413
10.295630 0.116005 0.013726
9.433981 0.128319 0.015230
8.602325 0.141533 0.016948
7.810250 0.155573 0.018901
7.071068 0.170228 0.021097
6.403124 0.185058 0.023520
5.830952 0.199273 0.026098
5.385165 0.211605 0.028650
5.099020 0.220302 0.030770
5.000000 0.223495 0.031710
5.099020 0.220195 0.030715
5.385165 0.211391 0.028547
5.830952 0.198951 0.025959
6.403124 0.184624 0.023358
7.071068 0.169679 0.020924
7.810250 0.154905 0.018726
8.602325 0.140739 0.016778
9.433981 0.127393 0.015072
10.295630 0.114940 0.013585
11.180340 0.103377 0.012293
12.083046 0.092663 0.011170
13.000000 0.082732 0.010197
13.928388 0.073515 0.009353
14.866069 0.064938 0.008625
15.811388 0.056927 0.007996
16.763055 0.049415 0.007459
17.720045 0.042336 0.007002
18.681542 0.035626 0.006620
19.646883 0.029227 0.006307
20.615528 0.023083 0.006058
21.587033 0.017139 0.005870
22.561028 0.011344 0.005739
23.537205 0.005647 0.005665
24.331050 0.005282 0.005316
23.345235 0.010611 0.005402
22.360680 0.016035 0.005540
21.377558 0.021604 0.005732
20.396078 0.027368 0.005980
19.416488 0.033380 0.006288
18.439089 0.039698 0.006661
17.464249 0.046381 0.007104
16.492423 0.053494 0.007623
15.524175 0.061107 0.008229
14.560220 0.069299 0.008931
13.601471 0.078153 0.009745
12.649111 0.087764 0.010687
11.704700 0.098233 0.011779
10.770330 0.109673 0.013049
9.848858 0.122200 0.014530
8.944272 0.135933 0.016266
8.062258 0.150973 0.018305
7.211103 0.167370 0.020704
6.403124 0.185058 0.023520
5.656854 0.203723 0.026792
5.000000 0.222575 0.030514
4.472136 0.239998 0.034563
4.123106 0.253206 0.038448
4.000000 0.258452 0.040649
4.123106 0.253098 0.038378
4.472136 0.239781 0.034436
5.000000 0.222247 0.030349
5.656854 0.203281 0.026605
6.403124 0.184498 0.023326
7.211103 0.166688 0.020513
8.062258 0.150163 0.018123
8.944272 0.134989 0.016098
9.848858 0.121114 0.014383
10.770330 0.108434 0.012924
11.704700 0.096833 0.011681
12.649111 0.086190 0.010617
13.601471 0.076392 0.009708
14.560220 0.067336 0.008928
15.524175 0.058926 0.008262
16.492423 0.051076 0.007695
17.464249 0.043705 0.007217
18.439089 0.036742 0.006818
19.416488 0.030118 0.006492
20.396078 0.023772 0.006234
21.377558 0.017642 0.006039
22.360680 0.011673 0.005904
23.345235 0.005810 0.005829
24.186773 0.005394 0.005429
23.194827 0.010839 0.005517
22.203603 0.016383 0.005659
21.213203 0.022081 0.005855
20.223748 0.027984 0.006109
19.235384 0.034152 0.006427
18.248288 0.040644 0.006810
17.262677 0.047527 0.007269
16.278821 0.054873 0.007808
15.297059 0.062762 0.008440
14.317821 0.071282 0.009177
13.341664 0.080536 0.010036
12.369317 0.090640 0.011039
11.401754 0.101726 0.012215
10.440307 0.113950 0.013602
9.486833 0.127492 0.015247
8.544004 0.142560 0.017218
7.615773 0.159389 0.019603
6.708204 0.178224 0.022515
5.830952 0.199273 0.026098
5.000000 0.222575 0.030514
4.242641 0.247687 0.035927
3.605551 0.272994 0.042463
3.162278 0.294463 0.050019
3.000000 0.304400 0.056342
3.162278 0.294353 0.049926
3.605551 0.272773 0.042303
4.242641 0.247354 0.035729
5.000000 0.222126 0.030301
5.830952 0.198705 0.025882
6.708204 0.177533 0.022307
7.615773 0.158568 0.019408
8.544004 0.141602 0.017041
9.486833 0.126389 0.015094
10.440307 0.112693 0.013474
11.401754 0.100304 0.012116
12.369317 0.089041 0.010971
13.341664 0.078748 0.010002
14.317821 0.069288 0.009178
15.297059 0.060545 0.008478
16.278821 0.052415 0.007887
17.262677 0.044806 0.007390
18.248288 0.037636 0.006977
19.235384 0.030831 0.006640
20.223748 0.024322 0.006375
21.213203 0.018043 0.006174
22.203603 0.011935 0.006037
23.194827 0.005940 0.005959
24.083189 0.005476 0.005511
23.086793 0.011003 0.005600
22.090722 0.016635 0.005744
21.095023 0.022425 0.005943
20.099751 0.028430 0.006203
19.104973 0.034711 0.006526
18.110770 0.041332 0.006919
17.117243 0.048362 0.007389
16.124515 0.055881 0.007943
15.132746 0.063975 0.008595
14.142136 0.072744 0.009359
13.152946 0.082302 0.010254
12.165525 0.092784 0.011306
11.180340 0.104352 0.012550
10.198039 0.117199 0.014033
9.219544 0.131565 0.015820
8.246211 0.147752 0.018005
7.280110 0.166142 0.020724
6.324555 0.187222 0.024175
5.385165 0.211605 0.028650
4.472136 0.239998 0.034563
3.605551 0.272994 0.042463
2.828427 0.310223 0.053077
2.236068 0.347653 0.067977
2.000000 0.370734 0.089879
2.236068 0.347542 0.067844
2.828427 0.310000 0.052871
3.605551 0.272657 0.042229
4.472136 0.239545 0.034322
5.385165 0.211031 0.028414
6.324555 0.186523 0.023952
7.280110 0.165312 0.020519
8.246211 0.146784 0.017822
9.219544 0.130451 0.015662
10.198039 0.115929 0.013902
11.180340 0.102915 0.012449
12.165525 0.091169 0.011239
13.152946 0.080494 0.010221
14.142136 0.070727 0.009362
15.132746 0.061733 0.008637
16.124515 0.053394 0.008027
17.117243 0.045608 0.007516
18.110770 0.038287 0.007093
19.104973 0.031349 0.006749
20.099751 0.024720 0.006477
21.095023 0.018334 0.006272
22.090722 0.012125 0.006132
23.086793 0.006033 0.006053
24.020824 0.005524 0.005560
23.021729 0.011100 0.005650
22.022716 0.016784 0.005794
21.023796 0.022629 0.005996
20.024984 0.028696 0.006259
19.026298 0.035044 0.006587
18.027756 0.041742 0.006984
17.029386 0.048862 0.007460
16.031220 0.056487 0.008025
15.033296 0.064707 0.008688
14.035669 0.073629 0.009468
13.038405 0.083378 0.010386
12.041595 0.094099 0.011469
11.045361 0.105973 0.012758
10.049876 0.119223 0.014306
9.055385 0.134132 0.016191
8.062258 0.151073 0.018531
7.071068 0.170552 0.021509
6.082763 0.193281 0.025421
5.099020 0.220302 0.030770
4.123106 0.253206 0.038448
3.162278 0.294463 0.050019
2.236068 0.347653 0.067977
1.414214 0.415599 0.096526
1.000000 0.483750 0.181634
1.414214 0.415487 0.096314
2.236068 0.347429 0.067715
3.162278 0.294125 0.049750
4.123106 0.252750 0.038185
5.099020 0.219725 0.030520
6.082763 0.192578 0.025187
7.071068 0.169717 0.021297
8.062258 0.150099 0.018343
9.055385 0.133011 0.016029
10.049876 0.117945 0.014174
11.045361 0.104528 0.012657
12.041595 0.092474 0.011403
13.038405 0.081558 0.010354
14.035669 0.071600 0.009474
15.033296 0.062451 0.008733
16.031220 0.053983 0.008112
17.029386 0.046090 0.007591
18.027756 0.038676 0.007162
19.026298 0.031658 0.006813
20.024984 0.024958 0.006538
21.023796 0.018506 0.006332
22.022716 0.012238 0.006189
23.021729 0.006089 0.006109
24.000000 0.005537 0.005574
23.000000 0.011128 0.005664
22.000000 0.016827 0.005809
21.000000 0.022689 0.006011
20.000000 0.028774 0.006275
19.000000 0.035143 0.006603
18.000000 0.041865 0.007003
17.000000 0.049013 0.007481
16.000000 0.056671 0.008047
15.000000 0.064933 0.008715
14.000000 0.073905 0.009500
13.000000 0.083717 0.010425
12.000000 0.094518 0.011519
11.000000 0.106496 0.012822
10.000000 0.119884 0.014391
9.000000 0.134982 0.016311
8.000000 0.152190 0.018708
7.000000 0.172063 0.021787
6.000000 0.195412 0.025899
5.000000 0.223495 0.031710
4.000000 0.258452 0.040649
3.000000 0.304400 0.056342
2.000000 0.370734 0.089879
1.000000 0.483750 0.181634
0.000000 0.733591 0.000214
1.000000 0.483638 0.181335
2.000000 0.370510 0.089585
3.000000 0.304061 0.056057
4.000000 0.257996 0.040377
5.000000 0.222918 0.031454
6.000000 0.194709 0.025663
7.000000 0.171228 0.021573
8.000000 0.151215 0.018519
9.000000 0.133859 0.016149
10.000000 0.118605 0.014259
11.000000 0.105049 0.012721
12.000000 0.092891 0.011452
13.000000 0.081895 0.010394
14.000000 0.071873 0.009507
15.000000 0.062673 0.008761
16.000000 0.054164 0.008135
17.000000 0.046236 0.007613
18.000000 0.038794 0.007181
19.000000 0.031750 0.006831
20.000000 0.025029 0.006555
21.000000 0.018558 0.006348
22.000000 0.012271 0.006206
23.000000 0.006105 0.006125
24.020824 0.005517 0.005553
23.021729 0.011087 0.005642
22.022716 0.016763 0.005787
21.023796 0.022602 0.005988
20.024984 0.028662 0.006250
19.026298 0.035004 0.006577
18.027756 0.041696 0.006974
17.029386 0.048810 0.007449
16.031220 0.056428 0.008012
15.033296 0.064643 0.008674
14.035669 0.073559 0.009454
13.038405 0.083302 0.010369
12.041595 0.094019 0.011450
11.045361 0.105888 0.012737
10.049876 0.119133 0.014281
9.055385 0.134038 0.016163
8.062258 0.150975 0.018498
7.071068 0.170451 0.021471
6.082763 0.193177 0.025375
5.099020 0.220195 0.030715
4.123106 0.253098 0.038378
3.162278 0.294353 0.049926
2.236068 0.347542 0.067844
1.414214 0.415487 0.096314
1.000000 0.483638 0.181335
1.414214 0.415376 0.096103
2.236068 0.347318 0.067582
3.162278 0.294016 0.049657
4.123106 0.252643 0.038116
5.099020 0.219620 0.030464
6.082763 0.192476 0.025141
7.071068 0.169618 0.021259
8.062258 0.150004 0.018311
9.055385 0.132920 0.016001
10.049876 0.117858 0.014149
11.045361 0.104446 0.012636
12.041595 0.092397 0.011384
13.038405 0.081486 0.010338
14.035669 0.071534 0.009459
15.033296 0.062390 0.008720
16.031220 0.053929 0.008099
17.029386 0.046042 0.007581
18.027756 0.038635 0.007152
19.026298 0.031623 0.006804
20.024984 0.024930 0.006530
21.023796 0.018486 0.006324
22.022716 0.012224 0.006182
23.021729 0.006082 0.006102
24.083189 0.005462 0.005497
23.086793 0.010976 0.005586
22.090722 0.016594 0.005729
21.095023 0.022371 0.005928
20.099751 0.028363 0.006187
19.104973 0.034631 0.006508
18.110770 0.041239 0.006899
17.117243 0.048257 0.007367
16.124515 0.055763 0.007920
15.132746 0.063846 0.008568
14.142136 0.072603 0.009329
13.152946 0.082151 0.010221
12.165525 0.092623 0.011269
11.180340 0.104181 0.012508
10.198039 0.117019 0.013985
9.219544 0.131377 0.015766
8.246211 0.147557 0.017942
7.280110 0.165940 0.020651
6.324555 0.187014 0.024089
5.385165 0.211391 0.028547
4.472136 0.239781 0.034436
3.605551 0.272773 0.042303
2.828427 0.310000 0.052871
2.236068 0.347429 0.067715
2.000000 0.370510 0.089585
2.236068 0.347318 0.067582
2.828427 0.309778 0.052665
3.605551 0.272438 0.042069
4.472136 0.239329 0.034195
5.385165 0.210820 0.028310
6.324555 0.186318 0.023866
7.280110 0.165114 0.020446
8.246211 0.146593 0.017759
9.219544 0.130268 0.015607
10.198039 0.115754 0.013855
11.180340 0.102750 0.012408
12.165525 0.091014 0.011201
13.152946 0.080350 0.010188
14.142136 0.070594 0.009333
15.132746 0.061612 0.008611
16.124515 0.053285 0.008004
17.117243 0.045513 0.007495
18.110770 0.038204 0.007074
19.104973 0.031279 0.006731
20.099751 0.024665 0.006461
21.095023 0.018292 0.006258
22.090722 0.012097 0.006118
23.086793 0.006019 0.006038
24.186773 0.005374 0.005409
23.194827 0.010798 0.005495
22.203603 0.016322 0.005636
21.213203 0.021999 0.005831
20.223748 0.027883 0.006084
19.235384 0.034031 0.006399
18.248288 0.040504 0.006781
17.262677 0.047368 0.007236
16.278821 0.054696 0.007772
15.297059 0.062566 0.008400
14.317821 0.071070 0.009134
13.341664 0.080308 0.009988
12.369317 0.090396 0.010986
11.401754 0.101468 0.012155
10.440307 0.113678 0.013533
9.486833 0.127208 0.015170
8.544004 0.142265 0.017129
7.615773 0.159084 0.019501
6.708204 0.177910 0.022396
5.830952 0.198951 0.025959
5.000000 0.222247 0.030349
4.242641 0.247354 0.035729
3.605551 0.272657 0.042229
3.162278 0.294125 0.049750
3.000000 0.304061 0.056057
3.162278 0.294016 0.049657
3.605551 0.272438 0.042069
4.242641 0.247023 0.035532
5.000000 0.221801 0.030136
5.830952 0.198387 0.025743
6.708204 0.177223 0.022188
7.615773 0.158268 0.019306
8.544004 0.141313 0.016953
9.486833 0.126112 0.015016
10.440307 0.112429 0.013406
11.401754 0.100055 0.012057
12.369317 0.088808 0.010918
13.341664 0.078530 0.009954
14.317821 0.069088 0.009135
15.297059 0.060363 0.008441
16.278821 0.052251 0.007852
17.262677 0.044661 0.007358
18.248288 0.037512 0.006948
19.235384 0.030727 0.006614
20.223748 0.024238 0.006351
21.213203 0.017980 0.006152
22.203603 0.011893 0.006015
23.194827 0.005919 0.005938
24.331050 0.005254 0.005289
23.345235 0.010555 0.005373
22.360680 0.015952 0.005510
21.377558 0.021494 0.005701
20.396078 0.027231 0.005947
19.416488 0.033218 0.006253
18.439089 0.039509 0.006623
17.464249 0.046167 0.007062
16.492423 0.053255 0.007577
15.524175 0.060845 0.008178
14.560220 0.069013 0.008876
13.601471 0.077846 0.009684
12.649111 0.087436 0.010619
11.704700 0.097885 0.011703
10.770330 0.109307 0.012964
9.848858 0.121818 0.014434
8.944272 0.135535 0.016157
8.062258 0.150561 0.018182
7.211103 0.166946 0.020564
6.403124 0.184624 0.023358
5.656854 0.203281 0.026605
5.000000 0.222126 0.030301
4.472136 0.239545 0.034322
4.123106 0.252750 0.038185
4.000000 0.257996 0.040377
4.123106 0.252643 0.038116
4.472136 0.239329 0.034195
5.000000 0.221801 0.030136
5.656854 0.202843 0.026419
6.403124 0.184070 0.023164
7.211103 0.166271 0.020372
8.062258 0.149759 0.018000
8.944272 0.134600 0.015990
9.848858 0.120741 0.014287
10.770330 0.108080 0.012840
11.704700 0.096498 0.011605
12.649111 0.085875 0.010551
13.601471 0.076100 0.009647
14.560220 0.067067 0.008873
15.524175 0.058681 0.008213
16.492423 0.050856 0.007650
17.464249 0.043511 0.007176
18.439089 0.036574 0.006781
19.416488 0.029978 0.006458
20.396078 0.023658 0.006202
21.377558 0.017557 0.006009
22.360680 0.011616 0.005875
23.345235 0.005782 0.005800
24.515301 0.005105 0.005138
23.537205 0.010254 0.005220
22.561028 0.015492 0.005353
21.587033 0.020866 0.005538
20.615528 0.026422 0.005777
19.646883 0.032208 0.006071
18.681542 0.038277 0.006427
17.720045 0.044682 0.006848
16.763055 0.051480 0.007339
15.811388 0.058731 0.007910
14.866069 0.066499 0.008566
13.928388 0.074852 0.009322
13.000000 0.083860 0.010187
12.083046 0.093595 0.011178
11.180340 0.104129 0.012315
10.295630 0.115521 0.013617
9.433981 0.127815 0.015108
8.602325 0.141012 0.016810
7.810250 0.155037 0.018747
7.071068 0.169679 0.020924
6.403124 0.184498 0.023326
5.830952 0.198705 0.025882
5.385165 0.211031 0.028414
5.099020 0.219725 0.030520
5.000000 0.222918 0.031454
5.099020 0.219620 0.030464
5.385165 0.210820 0.028310
5.830952 0.198387 0.025743
6.403124 0.184070 0.023164
7.071068 0.169137 0.020751
7.810250 0.154377 0.018572
8.602325 0.140228 0.016642
9.433981 0.126901 0.014950
10.295630 0.114468 0.013476
11.180340 0.102929 0.012195
12.083046 0.092239 0.011083
13.000000 0.082335 0.010118
13.928388 0.073146 0.009283
14.866069 0.064597 0.008560
15.811388 0.056617 0.007937
16.763055 0.049137 0.007405
17.720045 0.042090 0.006953
18.681542 0.035414 0.006574
19.646883 0.029049 0.006264
20.615528 0.022940 0.006017
21.587033 0.017031 0.005830
22.561028 0.011272 0.005702
23.537205 0.005611 0.005630
24.738634 0.004929 0.004961
23.769729 0.009898 0.005041
22.803509 0.014950 0.005170
21.840330 0.020126 0.005348
20.880613 0.025470 0.005577
19.924859 0.031024 0.005860
18.973666 0.036835 0.006201
18.027756 0.042949 0.006601
17.088007 0.049414 0.007067
16.155494 0.056281 0.007603
15.231546 0.063600 0.008217
14.317821 0.071421 0.008917
13.416408 0.079795 0.009710
12.529964 0.088764 0.010608
11.661904 0.098365 0.011622
10.816654 0.108615 0.012762
10.000000 0.119500 0.014041
9.219544 0.130959 0.015463
8.485281 0.142849 0.017029
7.810250 0.154905 0.018726
7.211103 0.166688 0.020513
6.708204 0.177533 0.022307
6.324555 0.186523 0.023952
6.082763 0.192578 0.025187
6.000000 0.194709 0.025663
6.082763 0.192476 0.025141
6.324555 0.186318 0.023866
6.708204 0.177223 0.022188
7.211103 0.166271 0.020372
7.810250 0.154377 0.018572
8.485281 0.142206 0.016870
9.219544 0.130196 0.015307
10.000000 0.118610 0.013893
10.816654 0.107590 0.012628
11.661904 0.097198 0.011506
12.529964 0.087445 0.010514
13.416408 0.078312 0.009640
14.317821 0.069763 0.008874
15.231546 0.061751 0.008205
16.155494 0.054228 0.007624
17.088007 0.047139 0.007123
18.027756 0.040432 0.006695
18.973666 0.034056 0.006335
19.924859 0.027960 0.006038
20.880613 0.022095 0.005801
21.840330 0.016413 0.005623
22.803509 0.010867 0.005499
23.769729 0.005411 0.005428
25.000000 0.004728 0.004759
24.041631 0.009494 0.004836
23.086793 0.014334 0.004961
22.135944 0.019288 0.005133
21.189620 0.024392 0.005353
20.248457 0.029686 0.005624
19.313208 0.035210 0.005947
18.384776 0.041002 0.006328
17.464249 0.047104 0.006766
16.552945 0.053554 0.007269
15.652476 0.060391 0.007839
14.764823 0.067651 0.008482
13.892444 0.075363 0.009206
13.038405 0.083549 0.010013
12.206556 0.092218 0.010912
11.401754 0.101354 0.011906
10.630146 0.110909 0.012996
9.899495 0.120787 0.014181
9.219544 0.130818 0.015450
8.602325 0.140739 0.016778
8.062258 0.150163 0.018123
7.615773 0.158568 0.019408
7.280110 0.165312 0.020519
7.071068 0.169717 0.021297
7.000000 0.171228 0.021573
7.071068 0.169618 0.021259
7.280110 0.165114 0.020446
7.615773 0.158268 0.019306
8.062258 0.149759 0.018000
8.602325 0.140228 0.016642
9.219544 0.130196 0.015307
9.899495 0.120048 0.014037
10.630146 0.110047 0.012859
11.401754 0.100362 0.011779
12.206556 0.091088 0.010800
13.038405 0.082273 0.009921
13.892444 0.073929 0.009134
14.764823 0.066047 0.008436
15.652476 0.058605 0.007821
16.552945 0.051571 0.007281
17.464249 0.044907 0.006811
18.384776 0.038573 0.006408
19.313208 0.032529 0.006067
20.248457 0.026733 0.005785
21.189620 0.021141 0.005558
22.135944 0.015714 0.005387
23.086793 0.010408 0.005267
24.041631 0.005184 0.005200
25.298221 0.004507 0.004537
24.351591 0.009048 0.004612
23.409400 0.013655 0.004731
22.472205 0.018364 0.004896
21.540659 0.023207 0.005108
20.615528 0.028219 0.005366
19.697716 0.033433 0.005674
18.788294 0.038881 0.006033
17.888544 0.044597 0.006446
17.000000 0.050610 0.006915
16.124515 0.056947 0.007443
15.264338 0.063631 0.008032
14.422205 0.070678 0.008689
13.601471 0.078090 0.009413
12.806248 0.085857 0.010206
12.041595 0.093943 0.011070
11.313708 0.102281 0.012001
10.630146 0.110759 0.012990
10.000000 0.119210 0.014022
9.433981 0.127393 0.015072
8.944272 0.134989 0.016098
8.544004 0.141602 0.017041
8.246211 0.146784 0.017822
8.062258 0.150099 0.018343
8.000000 0.151215 0.018519
8.062258 0.150004 0.018311
8.246211 0.146593 0.017759
8.544004 0.141313 0.016953
8.944272 0.134600 0.015990
9.433981 0.126901 0.014950
10.000000 0.118610 0.013893
10.630146 0.110047 0.012859
11.313708 0.101451 0.011874
12.041595 0.092989 0.010951
12.806248 0.084770 0.010099
13.601471 0.076862 0.009321
14.422205 0.069298 0.008617
15.264338 0.062089 0.007983
16.124515 0.055230 0.007417
17.000000 0.048704 0.006918
17.888544 0.042487 0.006479
18.788294 0.036550 0.006100
19.697716 0.030862 0.005778
20.615528 0.025388 0.005509
21.540659 0.020094 0.005293
22.472205 0.014945 0.005128
23.409400 0.009903 0.005015
24.351591 0.004933 0.004949
25.632011 0.004268 0.004297
24.698178 0.008566 0.004369
23.769729 0.012923 0.004484
22.847319 0.017369 0.004643
21.931712 0.021933 0.004846
21.023796 0.026645 0.005092
20.124612 0.031532 0.005386
19.235384 0.036621 0.005725
18.357560 0.041936 0.006112
17.492856 0.047501 0.006549
16.643317 0.053333 0.007038
15.811388 0.059444 0.007578
15.000000 0.065837 0.008172
14.212670 0.072504 0.008820
13.453624 0.079419 0.009522
12.727922 0.086537 0.010274
12.041595 0.093783 0.011070
11.401754 0.101044 0.011899
10.816654 0.108164 0.012746
10.295630 0.114940 0.013585
9.848858 0.121114 0.014383
9.486833 0.126389 0.015094
9.219544 0.130451 0.015662
9.055385 0.133011 0.016029
9.000000 0.133859 0.016149
9.055385 0.132920 0.016001
9.219544 0.130268 0.015607
9.486833 0.126112 0.015016
9.848858 0.120741 0.014287
10.295630 0.114468 0.013476
10.816654 0.107590 0.012628
11.401754 0.100362 0.011779
12.041595 0.092989 0.010951
12.727922 0.085624 0.010161
13.453624 0.078380 0.009419
14.212670 0.071329 0.008730
15.000000 0.064518 0.008098
15.811388 0.057970 0.007523
16.643317 0.051693 0.007005
17.492856 0.045681 0.006542
18.357560 0.039922 0.006133
19.235384 0.034397 0.005777
20.124612 0.029081 0.005472
21.023796 0.023949 0.005217
21.931712 0.018971 0.005010
22.847319 0.014118 0.004853
23.769729 0.009360 0.004742
24.698178 0.004664 0.004680
26.000000 0.004014 0.004042
25.079872 0.008054 0.004112
24.166092 0.012146 0.004223
23.259407 0.016315 0.004376
22.360680 0.020587 0.004571
21.470911 0.024986 0.004807
20.591260 0.029535 0.005086
19.723083 0.034254 0.005407
18.867962 0.039164 0.005772
18.027756 0.044279 0.006179
17.204651 0.049609 0.006631
16.401219 0.055158 0.007126
15.620499 0.060922 0.007666
14.866069 0.066882 0.008247
14.142136 0.073008 0.008869
13.453624 0.079248 0.009526
12.806248 0.085525 0.010210
12.206556 0.091737 0.010910
11.661904 0.097744 0.011612
11.180340 0.103377 0.012293
10.770330 0.108434 0.012924
10.440307 0.112693 0.013474
10.198039 0.115929 0.013902
10.049876 0.117945 0.014174
10.000000 0.118605 0.014259
10.049876 0.117858 0.014149
10.198039 0.115754 0.013855
10.440307 0.112429 0.013406
10.770330 0.108080 0.012840
11.180340 0.102929 0.012195
11.661904 0.097198 0.011506
12.206556 0.091088 0.010800
12.806248 0.084770 0.010099
13.453624 0.078380 0.009419
14.142136 0.072020 0.008770
14.866069 0.065766 0.008159
15.620499 0.059669 0.007590
16.401219 0.053759 0.007067
17.204651 0.048052 0.006592
18.027756 0.042552 0.006162
18.867962 0.037254 0.005780
19.723083 0.032147 0.005445
20.591260 0.027214 0.005156
21.470911 0.022435 0.004912
22.360680 0.017787 0.004713
23.259407 0.013246 0.004561
24.166092 0.008785 0.004455
25.079872 0.004379 0.004394
26.400758 0.003748 0.003775
25.495098 0.007518 0.003843
24.596748 0.011333 0.003951
23.706539 0.015215 0.004100
22.825424 0.019185 0.004288
21.954498 0.023263 0.004516
21.095023 0.027467 0.004782
20.248457 0.031813 0.005086
19.416488 0.036316 0.005430
18.601075 0.040985 0.005811
17.804494 0.045824 0.006230
17.029386 0.050832 0.006686
16.278821 0.055997 0.007178
15.556349 0.061298 0.007701
14.866069 0.066699 0.008255
14.212670 0.072149 0.008832
13.601471 0.077575 0.009424
13.038405 0.082885 0.010021
12.529964 0.087961 0.010610
12.083046 0.092663 0.011170
11.704700 0.096833 0.011681
11.401754 0.100304 0.012116
11.180340 0.102915 0.012449
11.045361 0.104528 0.012657
11.000000 0.105049 0.012721
11.045361 0.104446 0.012636
11.180340 0.102750 0.012408
11.401754 0.100055 0.012057
11.704700 0.096498 0.011605
12.083046 0.092239 0.011083
12.529964 0.087445 0.010514
13.038405 0.082273 0.009921
13.601471 0.076862 0.009321
14.212670 0.071329 0.008730
14.866069 0.065766 0.008159
15.556349 0.060244 0.007613
16.278821 0.054815 0.007100
17.029386 0.049512 0.006623
17.804494 0.044356 0.006184
18.601075 0.039358 0.005785
19.416488 0.034518 0.005426
20.248457 0.029830 0.005108
21.095023 0.025285 0.004832
21.954498 0.020866 0.004598
22.825424 0.016557 0.004408
23.706539 0.012337 0.004260
24.596748 0.008186 0.004157
25.495098 0.004082 0.004097
26.832816 0.003473 0.003499
25.942244 0.006964 0.003565
25.059928 0.010494 0.003672
24.186773 0.014081 0.003817
23.323808 0.017742 0.004000
22.472205 0.021493 0.004220
21.633308 0.025349 0.004476
20.808652 0.029323 0.004767
20.000000 0.033423 0.005092
19.209373 0.037656 0.005451
18.439089 0.042020 0.005841
17.691806 0.046510 0.006263
16.970563 0.051112 0.006713
16.278821 0.055802 0.007187
15.620499 0.060543 0.007683
15.000000 0.065286 0.008195
14.422205 0.069967 0.008713
13.892444 0.074503 0.009228
13.416408 0.078796 0.009728
13.000000 0.082732 0.010197
12.649111 0.086190 0.010617
12.369317 0.089041 0.010971
12.165525 0.091169 0.011239
12.041595 0.092474 0.011403
12.000000 0.092891 0.011452
12.041595 0.092397 0.011384
12.165525 0.091014 0.011201
12.369317 0.088808 0.010918
12.649111 0.085875 0.010551
13.000000 0.082335 0.010118
13.416408 0.078312 0.009640
13.892444 0.073929 0.009134
14.422205 0.069298 0.008617
15.000000 0.064518 0.008098
15.620499 0.059669 0.007590
16.278821 0.054815 0.007100
16.970563 0.050005 0.006634
17.691806 0.045275 0.006195
18.439089 0.040647 0.005788
19.209373 0.036134 0.005414
20.000000 0.031743 0.005074
20.808652 0.027472 0.004772
21.633308 0.023314 0.004507
22.472205 0.019259 0.004282
23.323808 0.015294 0.004095
24.186773 0.011403 0.003951
25.059928 0.007570 0.003849
25.942244 0.003775 0.003790
27.294688 0.003190 0.003216
26.419690 0.006397 0.003282
25.553865 0.009636 0.003388
24.698178 0.012922 0.003530
23.853721 0.016270 0.003710
23.021729 0.019693 0.003924
22.203603 0.023202 0.004173
21.400935 0.026806 0.004452
20.615528 0.030511 0.004762
19.849433 0.034320 0.005102
19.104973 0.038228 0.005469
18.384776 0.042228 0.005861
17.691806 0.046303 0.006276
17.029386 0.050428 0.006709
16.401219 0.054571 0.007157
15.811388 0.058684 0.007615
15.264338 0.062711 0.008073
14.764823 0.066581 0.008523
14.317821 0.070213 0.008954
13.928388 0.073515 0.009353
13.601471 0.076392 0.009708
13.341664 0.078748 0.010002
13.152946 0.080494 0.010221
13.038405 0.081558 0.010354
13.000000 0.081895 0.010394
13.038405 0.081486 0.010338
13.152946 0.080350 0.010188
13.341664 0.078530 0.009954
13.601471 0.076100 0.009647
13.928388 0.073146 0.009283
14.317821 0.069763 0.008874
14.764823 0.066047 0.008436
15.264338 0.062089 0.007983
15.811388 0.057970 0.007523
16.401219 0.053759 0.007067
17.029386 0.049512 0.006623
17.691806 0.045275 0.006195
18.384776 0.041081 0.005788
19.104973 0.036954 0.005408
19.849433 0.032909 0.005055
20.615528 0.028955 0.004732
21.400935 0.025092 0.004441
22.203603 0.021318 0.004185
23.021729 0.017627 0.003964
23.853721 0.014009 0.003782
24.698178 0.010452 0.003639
25.553865 0.006941 0.003537
26.419690 0.003462 0.003479
27.784888 0.002903 0.002929
26.925824 0.005820 0.002996
26.076810 0.008764 0.003101
25.238859 0.011747 0.003243
24.413111 0.014780 0.003421
23.600847 0.017875 0.003633
22.803509 0.021040 0.003875
22.022716 0.024280 0.004146
21.260292 0.027600 0.004445
20.518285 0.030999 0.004770
19.798990 0.034471 0.005117
19.104973 0.038008 0.005484
18.439089 0.041592 0.005871
17.804494 0.045199 0.006270
17.204651 0.048799 0.006679
16.643317 0.052350 0.007092
16.124515 0.055802 0.007502
15.652476 0.059096 0.007900
15.231546 0.062166 0.008279
14.866069 0.064938 0.008625
14.560220 0.067336 0.008928
14.317821 0.069288 0.009178
14.142136 0.070727 0.009362
14.035669 0.071600 0.009474
14.000000 0.071873 0.009507
14.035669 0.071534 0.009459
14.142136 0.070594 0.009333
14.317821 0.069088 0.009135
14.560220 0.067067 0.008873
14.866069 0.064597 0.008560
15.231546 0.061751 0.008205
15.652476 0.058605 0.007821
16.124515 0.055230 0.007417
16.643317 0.051693 0.007005
17.204651 0.048052 0.006592
17.804494 0.044356 0.006184
18.439089 0.040647 0.005788
19.104973 0.036954 0.005408
19.798990 0.033301 0.005047
20.518285 0.029704 0.004712
21.260292 0.026172 0.004401
22.022716 0.022709 0.004119
22.803509 0.019314 0.003868
23.600847 0.015984 0.003650
24.413111 0.012713 0.003469
25.238859 0.009490 0.003325
26.076810 0.006305 0.003223
26.925824 0.003146 0.003162
28.301943 0.002613 0.002639
27.459060 0.005238 0.002707
26.627054 0.007884 0.002813
25.806976 0.010562 0.002958
25.000000 0.013282 0.003137
24.207437 0.016051 0.003348
23.430749 0.018875 0.003587
22.671568 0.021759 0.003854
21.931712 0.024705 0.004143
21.213203 0.027709 0.004455
20.518285 0.030766 0.004788
19.849433 0.033867 0.005136
19.209373 0.036993 0.005498
18.601075 0.040124 0.005870
18.027756 0.043232 0.006247
17.492856 0.046279 0.006625
17.000000 0.049224 0.006997
16.552945 0.052018 0.007355
16.155494 0.054605 0.007691
15.811388 0.056927 0.007996
15.524175 0.058926 0.008262
15.297059 0.060545 0.008478
15.132746 0.061733 0.008637
15.033296 0.062451 0.008733
15.000000 0.062673 0.008761
15.033296 0.062390 0.008720
15.132746 0.061612 0.008611
15.297059 0.060363 0.008441
15.524175 0.058681 0.008213
15.811388 0.056617 0.007937
16.155494 0.054228 0.007624
16.552945 0.051571 0.007281
17.000000 0.048704 0.006918
17.492856 0.045681 0.006542
18.027756 0.042552 0.006162
18.601075 0.039358 0.005785
19.209373 0.036134 0.005414
19.849433 0.032909 0.005055
20.518285 0.029704 0.004712
21.213203 0.026534 0.004387
21.931712 0.023409 0.004086
22.671568 0.020334 0.003809
23.430749 0.017312 0.003561
24.207437 0.014339 0.003343
25.000000 0.011412 0.003159
25.806976 0.008523 0.003013
26.627054 0.005665 0.002907
27.459060 0.002827 0.002844
28.844410 0.002321 0.002348
28.017851 0.004652 0.002418
27.202941 0.007000 0.002529
26.400758 0.009374 0.002677
25.612497 0.011781 0.002860
24.839485 0.014227 0.003072
24.083189 0.016717 0.003312
23.345235 0.019253 0.003576
22.627417 0.021836 0.003861
21.931712 0.024461 0.004164
21.260292 0.027123 0.004484
20.615528 0.029812 0.004818
20.000000 0.032513 0.005161
19.416488 0.035205 0.005512
18.867962 0.037864 0.005864
18.357560 0.040459 0.006214
17.888544 0.042954 0.006555
17.464249 0.045308 0.006881
17.088007 0.047477 0.007185
16.763055 0.049415 0.007459
16.492423 0.051076 0.007695
16.278821 0.052415 0.007887
16.124515 0.053394 0.008027
16.031220 0.053983 0.008112
16.000000 0.054164 0.008135
16.031220 0.053929 0.008099
16.124515 0.053285 0.008004
16.278821 0.052251 0.007852
16.492423 0.050856 0.007650
16.763055 0.049137 0.007405
17.088007 0.047139 0.007123
17.464249 0.044907 0.006811
17.888544 0.042487 0.006479
18.357560 0.039922 0.006133
18.867962 0.037254 0.005780
19.416488 0.034518 0.005426
20.000000 0.031743 0.005074
20.615528 0.028955 0.004732
21.260292 0.026172 0.004401
21.931712 0.023409 0.004086
22.627417 0.020676 0.003789
23.345235 0.017979 0.003515
24.083189 0.015320 0.003265
24.839485 0.012699 0.003044
25.612497 0.010112 0.002855
26.400758 0.007556 0.002704
27.202941 0.005024 0.002593
28.017851 0.002508 0.002527
29.410882 0.002029 0.002056
28.600699 0.004065 0.002131
27.802878 0.006115 0.002248
27.018512 0.008186 0.002404
26.248809 0.010283 0.002592
25.495098 0.012411 0.002810
24.758837 0.014572 0.003053
24.041631 0.016769 0.003317
23.345235 0.018999 0.003599
22.671568 0.021261 0.003898
22.022716 0.023547 0.004209
21.400935 0.025848 0.004532
20.808652 0.028150 0.004860
20.248457 0.030436 0.005194
19.723083 0.032685 0.005527
19.235384 0.034870 0.005854
18.788294 0.036962 0.006172
18.384776 0.038928 0.006473
18.027756 0.040731 0.006752
17.720045 0.042336 0.007002
17.464249 0.043705 0.007217
17.262677 0.044806 0.007390
17.117243 0.045608 0.007516
17.029386 0.046090 0.007591
17.000000 0.046236 0.007613
17.029386 0.046042 0.007581
17.117243 0.045513 0.007495
17.262677 0.044661 0.007358
17.464249 0.043511 0.007176
17.720045 0.042090 0.006953
18.027756 0.040432 0.006695
18.384776 0.038573 0.006408
18.788294 0.036550 0.006100
19.235384 0.034397 0.005777
19.723083 0.032147 0.005445
20.248457 0.029830 0.005108
20.808652 0.027472 0.004772
21.400935 0.025092 0.004441
22.022716 0.022709 0.004119
22.671568 0.020334 0.003809
23.345235 0.017979 0.003515
24.041631 0.015648 0.003239
24.758837 0.013344 0.002985
25.495098 0.011068 0.002758
26.248809 0.008819 0.002561
27.018512 0.006592 0.002402
27.802878 0.004384 0.002283
28.600699 0.002189 0.002210
30.000000 0.001737 0.001767
29.206164 0.003479 0.001847
28.425341 0.005232 0.001974
27.658633 0.007002 0.002140
26.907248 0.008791 0.002338
26.172505 0.010605 0.002564
25.455844 0.012444 0.002812
24.758837 0.014309 0.003079
24.083189 0.016199 0.003362
23.430749 0.018110 0.003659
22.803509 0.020037 0.003965
22.203603 0.021970 0.004279
21.633308 0.023899 0.004599
21.095023 0.025807 0.004918
20.591260 0.027678 0.005236
20.124612 0.029490 0.005547
19.697716 0.031218 0.005846
19.313208 0.032835 0.006128
18.973666 0.034314 0.006388
18.681542 0.035626 0.006620
18.439089 0.036742 0.006818
18.248288 0.037636 0.006977
18.110770 0.038287 0.007093
18.027756 0.038676 0.007162
18.000000 0.038794 0.007181
18.027756 0.038635 0.007152
18.110770 0.038204 0.007074
18.248288 0.037512 0.006948
18.439089 0.036574 0.006781
18.681542 0.035414 0.006574
18.973666 0.034056 0.006335
19.313208 0.032529 0.006067
19.697716 0.030862 0.005778
20.124612 0.029081 0.005472
20.591260 0.027214 0.005156
21.095023 0.025285 0.004832
21.633308 0.023314 0.004507
22.203603 0.021318 0.004185
22.803509 0.019314 0.003868
23.430749 0.017312 0.003561
24.083189 0.015320 0.003265
24.758837 0.013344 0.002985
25.455844 0.011387 0.002725
26.172505 0.009451 0.002488
26.907248 0.007533 0.002280
27.658633 0.005633 0.002107
28.425341 0.003747 0.001976
29.206164 0.001871 0.001896
30.610456 0.001445 0.001479
29.832868 0.002894 0.001569
29.068884 0.004352 0.001710
28.319605 0.005822 0.001890
27.586228 0.007308 0.002103
26.870058 0.008811 0.002340
26.172505 0.010333 0.002596
25.495098 0.011875 0.002868
24.839485 0.013434 0.003154
24.207437 0.015007 0.003450
23.600847 0.016589 0.003754
23.021729 0.018173 0.004063
22.472205 0.019749 0.004375
21.954498 0.021304 0.004685
21.470911 0.022824 0.004992
21.023796 0.024291 0.005290
20.615528 0.025687 0.005576
20.248457 0.026989 0.005843
19.924859 0.028177 0.006088
19.646883 0.029227 0.006307
19.416488 0.030118 0.006492
19.235384 0.030831 0.006640
19.104973 0.031349 0.006749
19.026298 0.031658 0.006813
19.000000 0.031750 0.006831
19.026298 0.031623 0.006804
19.104973 0.031279 0.006731
19.235384 0.030727 0.006614
19.416488 0.029978 0.006458
19.646883 0.029049 0.006264
19.924859 0.027960 0.006038
20.248457 0.026733 0.005785
20.615528 0.025388 0.005509
21.023796 0.023949 0.005217
21.470911 0.022435 0.004912
21.954498 0.020866 0.004598
22.472205 0.019259 0.004282
23.021729 0.017627 0.003964
23.600847 0.015984 0.003650
24.207437 0.014339 0.003343
24.839485 0.012699 0.003044
25.495098 0.011068 0.002758
26.172505 0.009451 0.002488
26.870058 0.007847 0.002237
27.586228 0.006258 0.002015
28.319605 0.004681 0.001824
29.068884 0.003115 0.001678
29.832868 0.001555 0.001585
31.240999 0.001154 0.001193
30.479501 0.002312 0.001300
29.732137 0.003476 0.001461
29.000000 0.004649 0.001661
28.284271 0.005833 0.001891
27.586228 0.007030 0.002141
26.907248 0.008241 0.002408
26.248809 0.009466 0.002688
25.612497 0.010702 0.002978
25.000000 0.011948 0.003275
24.413111 0.013198 0.003578
23.853721 0.014447 0.003884
23.323808 0.015688 0.004190
22.825424 0.016909 0.004495
22.360680 0.018099 0.004794
21.931712 0.019246 0.005082
21.540659 0.020334 0.005358
21.189620 0.021347 0.005615
20.880613 0.022269 0.005849
20.615528 0.023083 0.006058
20.396078 0.023772 0.006234
20.223748 0.024322 0.006375
20.099751 0.024720 0.006477
20.024984 0.024958 0.006538
20.000000 0.025029 0.006555
20.024984 0.024930 0.006530
20.099751 0.024665 0.006461
20.223748 0.024238 0.006351
20.396078 0.023658 0.006202
20.615528 0.022940 0.006017
20.880613 0.022095 0.005801
21.189620 0.021141 0.005558
21.540659 0.020094 0.005293
21.931712 0.018971 0.005010
22.360680 0.017787 0.004713
22.825424 0.016557 0.004408
23.323808 0.015294 0.004095
23.853721 0.014009 0.003782
24.413111 0.012713 0.003469
25.000000 0.011412 0.003159
25.612497 0.010112 0.002855
26.248809 0.008819 0.002561
26.907248 0.007533 0.002280
27.586228 0.006258 0.002015
28.284271 0.004992 0.001771
29.000000 0.003735 0.001558
29.732137 0.002486 0.001389
30.479501 0.001241 0.001279
31.890437 0.000865 0.000914
31.144823 0.001732 0.001045
30.413813 0.002603 0.001234
29.698485 0.003481 0.001460
29.000000 0.004367 0.001710
28.319605 0.005261 0.001976
27.658633 0.006165 0.002254
27.018512 0.007078 0.002542
26.400758 0.007999 0.002837
25.806976 0.008926 0.003136
25.238859 0.009855 0.003439
24.698178 0.010781 0.003744
24.186773 0.011700 0.004048
23.706539 0.012602 0.004348
23.259407 0.013481 0.004640
22.847319 0.014325 0.004923
22.472205 0.015125 0.005192
22.135944 0.015869 0.005441
21.840330 0.016544 0.005669
21.587033 0.017139 0.005870
21.377558 0.017642 0.006039
21.213203 0.018043 0.006174
21.095023 0.018334 0.006272
21.023796 0.018506 0.006332
21.000000 0.018558 0.006348
21.023796 0.018486 0.006324
21.095023 0.018292 0.006258
21.213203 0.017980 0.006152
21.377558 0.017557 0.006009
21.587033 0.017031 0.005830
21.840330 0.016413 0.005623
22.135944 0.015714 0.005387
22.472205 0.014945 0.005128
22.847319 0.014118 0.004853
23.259407 0.013246 0.004561
23.706539 0.012337 0.004260
24.186773 0.011403 0.003951
24.698178 0.010452 0.003639
25.238859 0.009490 0.003325
25.806976 0.008523 0.003013
26.400758 0.007556 0.002704
27.018512 0.006592 0.002402
27.658633 0.005633 0.002107
28.319605 0.004681 0.001824
29.000000 0.003735 0.001558
29.698485 0.002795 0.001318
30.413813 0.001860 0.001118
31.144823 0.000929 0.000979
32.557641 0.000576 0.000645
31.827661 0.001153 0.000818
31.112698 0.001733 0.001044
30.413813 0.002318 0.001299
29.732137 0.002907 0.001570
29.068884 0.003502 0.001851
28.425341 0.004102 0.002140
27.802878 0.004709 0.002434
27.202941 0.005320 0.002734
26.627054 0.005934 0.003037
26.076810 0.006549 0.003341
25.553865 0.007161 0.003645
25.059928 0.007768 0.003947
24.596748 0.008363 0.004244
24.166092 0.008942 0.004534
23.769729 0.009498 0.004812
23.409400 0.010024 0.005076
23.086793 0.010512 0.005321
22.803509 0.010954 0.005543
22.561028 0.011344 0.005739
22.360680 0.011673 0.005904
22.203603 0.011935 0.006037
22.090722 0.012125 0.006132
22.022716 0.012238 0.006189
22.000000 0.012271 0.006206
22.022716 0.012224 0.006182
22.090722 0.012097 0.006118
22.203603 0.011893 0.006015
22.360680 0.011616 0.005875
22.561028 0.011272 0.005702
22.803509 0.010867 0.005499
23.086793 0.010408 0.005267
23.409400 0.009903 0.005015
23.769729 0.009360 0.004742
24.166092 0.008785 0.004455
24.596748 0.008186 0.004157
25.059928 0.007570 0.003849
25.553865 0.006941 0.003537
26.076810 0.006305 0.003223
26.627054 0.005665 0.002907
27.202941 0.005024 0.002593
27.802878 0.004384 0.002283
28.425341 0.003747 0.001976
29.068884 0.003115 0.001678
29.732137 0.002486 0.001389
30.413813 0.001860 0.001118
31.112698 0.001238 0.000875
31.827661 0.000619 0.000691
33.241540 0.000288 0.000407
32.526912 0.000576 0.000645
31.827661 0.000866 0.000913
31.144823 0.001158 0.001194
30.479501 0.001452 0.001481
29.832868 0.001749 0.001774
29.206164 0.002049 0.002071
28.600699 0.002351 0.002370
28.017851 0.002656 0.002673
27.459060 0.002962 0.002978
26.925824 0.003268 0.003284
26.419690 0.003573 0.003587
25.942244 0.003874 0.003889
25.495098 0.004170 0.004185
25.079872 0.004458 0.004472
24.698178 0.004733 0.004749
24.351591 0.004994 0.005010
24.041631 0.005236 0.005252
23.769729 0.005455 0.005472
23.537205 0.005647 0.005665
23.345235 0.005810 0.005829
23.194827 0.005940 0.005959
23.086793 0.006033 0.006053
23.021729 0.006089 0.006109
23.000000 0.006105 0.006125
23.021729 0.006082 0.006102
23.086793 0.006019 0.006038
23.194827 0.005919 0.005938
23.345235 0.005782 0.005800
23.537205 0.005611 0.005630
23.769729 0.005411 0.005428
24.041631 0.005184 0.005200
24.351591 0.004933 0.004949
24.698178 0.004664 0.004680
25.079872 0.004379 0.004394
25.495098 0.004082 0.004097
25.942244 0.003775 0.003790
26.419690 0.003462 0.003479
26.925824 0.003146 0.003162
27.459060 0.002827 0.002844
28.017851 0.002508 0.002527
28.600699 0.002189 0.002210
29.206164 0.001871 0.001896
29.832868 0.001555 0.001585
30.479501 0.001241 0.001279
31.144823 0.000929 0.000979
31.827661 0.000619 0.000691
32.526912 0.000309 0.000437
