33.941125 0.000009 0.000013
33.241540 0.000018 0.000020
32.557641 0.000027 0.000028
31.890437 0.000036 0.000037
31.240999 0.000046 0.000047
30.610456 0.000055 0.000056
30.000000 0.000064 0.000065
29.410882 0.000074 0.000075
28.844410 0.000083 0.000085
28.301943 0.000093 0.000094
27.784888 0.000103 0.000103
27.294688 0.000113 0.000113
26.832816 0.000122 0.000123
26.400758 0.000132 0.000132
26.000000 0.000141 0.000142
25.632011 0.000150 0.000150
25.298221 0.000158 0.000159
25.000000 0.000166 0.000167
24.738634 0.000173 0.000174
24.515301 0.000179 0.000180
24.331050 0.000185 0.000186
24.186773 0.000189 0.000190
24.083189 0.000192 0.000193
24.020824 0.000194 0.000195
24.000000 0.000194 0.000195
24.020824 0.000193 0.000195
24.083189 0.000191 0.000193
24.186773 0.000188 0.000189
24.331050 0.000184 0.000185
24.515301 0.000178 0.000179
24.738634 0.000172 0.000173
25.000000 0.000164 0.000165
25.298221 0.000156 0.000157
25.632011 0.000148 0.000148
26.000000 0.000138 0.000139
26.400758 0.000129 0.000129
26.832816 0.000119 0.000120
27.294688 0.000109 0.000110
27.784888 0.000099 0.000100
28.301943 0.000089 0.000090
28.844410 0.000079 0.000080
29.410882 0.000069 0.000070
30.000000 0.000059 0.000060
30.610456 0.000049 0.000050
31.240999 0.000039 0.000040
31.890437 0.000029 0.000031
32.557641 0.000019 0.000021
33.241540 0.000010 0.000014
33.241540 0.000018 0.000020
32.526912 0.000036 0.000025
31.827661 0.000054 0.000032
31.144823 0.000073 0.000041
30.479501 0.000091 0.000050
29.832868 0.000110 0.000058
29.206164 0.000129 0.000068
28.600699 0.000148 0.000077
28.017851 0.000167 0.000086
27.459060 0.000187 0.000096
26.925824 0.000206 0.000106
26.419690 0.000226 0.000116
25.942244 0.000245 0.000125
25.495098 0.000264 0.000135
25.079872 0.000283 0.000144
24.698178 0.000301 0.000154
24.351591 0.000318 0.000162
24.041631 0.000334 0.000171
23.769729 0.000348 0.000177
23.537205 0.000361 0.000184
23.345235 0.000371 0.000189
23.194827 0.000380 0.000194
23.086793 0.000386 0.000197
23.021729 0.000390 0.000199
23.000000 0.000391 0.000199
23.021729 0.000389 0.000199
23.086793 0.000385 0.000196
23.194827 0.000379 0.000193
23.345235 0.000370 0.000188
23.537205 0.000358 0.000182
23.769729 0.000345 0.000177
24.041631 0.000331 0.000169
24.351591 0.000314 0.000161
24.698178 0.000297 0.000151
25.079872 0.000278 0.000142
25.495098 0.000259 0.000132
25.942244 0.000239 0.000123
26.419690 0.000219 0.000113
26.925824 0.000199 0.000102
27.459060 0.000179 0.000092
28.017851 0.000158 0.000082
28.600699 0.000138 0.000072
29.206164 0.000118 0.000062
29.832868 0.000098 0.000053
30.479501 0.000078 0.000044
31.144823 0.000058 0.000035
31.827661 0.000039 0.000028
32.526912 0.000019 0.000021
32.557641 0.000027 0.000028
31.827661 0.000054 0.000032
31.112698 0.000082 0.000038
30.413813 0.000109 0.000046
29.732137 0.000137 0.000054
29.068884 0.000165 0.000063
28.425341 0.000194 0.000071
27.802878 0.000223 0.000080
27.202941 0.000252 0.000090
26.627054 0.000282 0.000100
26.076810 0.000311 0.000110
25.553865 0.000341 0.000120
25.059928 0.000370 0.000129
24.596748 0.000399 0.000139
24.166092 0.000428 0.000149
23.769729 0.000455 0.000158
23.409400 0.000481 0.000167
23.086793 0.000505 0.000176
22.803509 0.000527 0.000183
22.561028 0.000546 0.000190
22.360680 0.000563 0.000196
22.203603 0.000576 0.000200
22.090722 0.000586 0.000203
22.022716 0.000591 0.000205
22.000000 0.000593 0.000206
22.022716 0.000591 0.000205
22.090722 0.000584 0.000203
22.203603 0.000574 0.000199
22.360680 0.000560 0.000195
22.561028 0.000543 0.000189
22.803509 0.000523 0.000182
23.086793 0.000500 0.000175
23.409400 0.000475 0.000166
23.769729 0.000449 0.000156
24.166092 0.000420 0.000147
24.596748 0.000391 0.000137
25.059928 0.000361 0.000127
25.553865 0.000331 0.000117
26.076810 0.000300 0.000107
26.627054 0.000269 0.000096
27.202941 0.000238 0.000087
27.802878 0.000208 0.000076
28.425341 0.000177 0.000067
29.068884 0.000147 0.000058
29.732137 0.000118 0.000050
30.413813 0.000088 0.000042
31.112698 0.000058 0.000035
31.827661 0.000029 0.000031
31.890437 0.000036 0.000037
31.144823 0.000073 0.000041
30.413813 0.000109 0.000046
29.698485 0.000146 0.000052
29.000000 0.000184 0.000060
28.319605 0.000222 0.000068
27.658633 0.000260 0.000077
27.018512 0.000299 0.000085
26.400758 0.000338 0.000096
25.806976 0.000378 0.000105
25.238859 0.000418 0.000115
24.698178 0.000458 0.000126
24.186773 0.000498 0.000135
23.706539 0.000537 0.000145
23.259407 0.000576 0.000156
22.847319 0.000613 0.000165
22.472205 0.000649 0.000174
22.135944 0.000682 0.000184
21.840330 0.000712 0.000191
21.587033 0.000739 0.000199
21.377558 0.000762 0.000205
21.213203 0.000780 0.000210
21.095023 0.000793 0.000213
21.023796 0.000801 0.000215
21.000000 0.000803 0.000216
21.023796 0.000800 0.000215
21.095023 0.000791 0.000212
21.213203 0.000777 0.000209
21.377558 0.000758 0.000204
21.587033 0.000734 0.000198
21.840330 0.000707 0.000190
22.135944 0.000676 0.000182
22.472205 0.000641 0.000173
22.847319 0.000605 0.000163
23.259407 0.000566 0.000153
23.706539 0.000527 0.000144
24.186773 0.000486 0.000133
24.698178 0.000444 0.000122
25.238859 0.000403 0.000112
25.806976 0.000361 0.000102
26.400758 0.000320 0.000092
27.018512 0.000279 0.000082
27.658633 0.000238 0.000073
28.319605 0.000197 0.000064
29.000000 0.000157 0.000057
29.698485 0.000118 0.000050
30.413813 0.000078 0.000044
31.144823 0.000039 0.000040
31.240999 0.000046 0.000047
30.479501 0.000091 0.000050
29.732137 0.000137 0.000054
29.000000 0.000184 0.000060
28.284271 0.000231 0.000066
27.586228 0.000278 0.000075
26.907248 0.000327 0.000083
26.248809 0.000376 0.000092
25.612497 0.000426 0.000102
25.000000 0.000476 0.000111
24.413111 0.000527 0.000122
23.853721 0.000578 0.000132
23.323808 0.000629 0.000142
22.825424 0.000680 0.000153
22.360680 0.000729 0.000164
21.931712 0.000777 0.000174
21.540659 0.000823 0.000184
21.189620 0.000866 0.000193
20.880613 0.000905 0.000202
20.615528 0.000940 0.000209
20.396078 0.000970 0.000217
20.223748 0.000994 0.000222
20.099751 0.001011 0.000225
20.024984 0.001021 0.000228
20.000000 0.001024 0.000229
20.024984 0.001020 0.000228
20.099751 0.001009 0.000225
20.223748 0.000990 0.000221
20.396078 0.000966 0.000216
20.615528 0.000935 0.000209
20.880613 0.000899 0.000201
21.189620 0.000858 0.000193
21.540659 0.000814 0.000183
21.931712 0.000767 0.000173
22.360680 0.000717 0.000162
22.825424 0.000666 0.000151
23.323808 0.000614 0.000140
23.853721 0.000561 0.000130
24.413111 0.000508 0.000119
25.000000 0.000455 0.000109
25.612497 0.000403 0.000099
26.248809 0.000351 0.000090
26.907248 0.000299 0.000080
27.586228 0.000248 0.000072
28.284271 0.000198 0.000065
29.000000 0.000148 0.000058
29.732137 0.000098 0.000053
30.479501 0.000049 0.000050
30.610456 0.000055 0.000056
29.832868 0.000110 0.000058
29.068884 0.000165 0.000063
28.319605 0.000222 0.000068
27.586228 0.000278 0.000075
26.870058 0.000336 0.000082
26.172505 0.000395 0.000091
25.495098 0.000454 0.000099
24.839485 0.000515 0.000110
24.207437 0.000577 0.000119
23.600847 0.000639 0.000130
23.021729 0.000702 0.000141
22.472205 0.000765 0.000152
21.954498 0.000827 0.000163
21.470911 0.000889 0.000174
21.023796 0.000949 0.000186
20.615528 0.001006 0.000196
20.248457 0.001060 0.000207
19.924859 0.001110 0.000216
19.646883 0.001154 0.000225
19.416488 0.001191 0.000232
19.235384 0.001221 0.000237
19.104973 0.001243 0.000242
19.026298 0.001256 0.000244
19.000000 0.001260 0.000245
19.026298 0.001255 0.000244
19.104973 0.001241 0.000242
19.235384 0.001217 0.000238
19.416488 0.001186 0.000231
19.646883 0.001147 0.000224
19.924859 0.001102 0.000214
20.248457 0.001051 0.000205
20.615528 0.000995 0.000195
21.023796 0.000936 0.000184
21.470911 0.000875 0.000173
21.954498 0.000811 0.000161
22.472205 0.000747 0.000150
23.021729 0.000682 0.000139
23.600847 0.000617 0.000128
24.207437 0.000552 0.000117
24.839485 0.000488 0.000107
25.495098 0.000424 0.000097
26.172505 0.000362 0.000088
26.870058 0.000300 0.000080
27.586228 0.000239 0.000073
28.319605 0.000179 0.000068
29.068884 0.000119 0.000064
29.832868 0.000059 0.000060
30.000000 0.000064 0.000065
29.206164 0.000129 0.000068
28.425341 0.000194 0.000071
27.658633 0.000260 0.000077
26.907248 0.000327 0.000083
26.172505 0.000395 0.000091
25.455844 0.000464 0.000099
24.758837 0.000535 0.000108
24.083189 0.000607 0.000118
23.430749 0.000680 0.000128
22.803509 0.000755 0.000140
22.203603 0.000830 0.000151
21.633308 0.000906 0.000163
21.095023 0.000982 0.000175
20.591260 0.001056 0.000187
20.124612 0.001129 0.000199
19.697716 0.001200 0.000211
19.313208 0.001266 0.000222
18.973666 0.001327 0.000233
18.681542 0.001382 0.000242
18.439089 0.001428 0.000251
18.248288 0.001466 0.000257
18.110770 0.001494 0.000263
18.027756 0.001510 0.000265
18.000000 0.001515 0.000266
18.027756 0.001509 0.000265
18.110770 0.001491 0.000262
18.248288 0.001461 0.000257
18.439089 0.001422 0.000250
18.681542 0.001374 0.000242
18.973666 0.001318 0.000232
19.313208 0.001255 0.000221
19.697716 0.001187 0.000210
20.124612 0.001115 0.000198
20.591260 0.001040 0.000185
21.095023 0.000963 0.000173
21.633308 0.000885 0.000161
22.203603 0.000807 0.000149
22.803509 0.000729 0.000138
23.430749 0.000651 0.000127
24.083189 0.000575 0.000116
24.758837 0.000500 0.000107
25.455844 0.000426 0.000098
26.172505 0.000353 0.000089
26.907248 0.000281 0.000082
27.658633 0.000210 0.000077
28.425341 0.000139 0.000073
29.206164 0.000070 0.000071
29.410882 0.000074 0.000075
28.600699 0.000148 0.000077
27.802878 0.000223 0.000080
27.018512 0.000299 0.000085
26.248809 0.000376 0.000092
25.495098 0.000454 0.000099
24.758837 0.000535 0.000108
24.041631 0.000617 0.000117
23.345235 0.000701 0.000127
22.671568 0.000787 0.000139
22.022716 0.000874 0.000150
21.400935 0.000963 0.000163
20.808652 0.001053 0.000175
20.248457 0.001143 0.000189
19.723083 0.001233 0.000202
19.235384 0.001320 0.000215
18.788294 0.001405 0.000229
18.384776 0.001486 0.000242
18.027756 0.001561 0.000253
17.720045 0.001628 0.000264
17.464249 0.001685 0.000274
17.262677 0.001732 0.000282
17.117243 0.001766 0.000288
17.029386 0.001787 0.000291
17.000000 0.001793 0.000293
17.029386 0.001785 0.000291
17.117243 0.001763 0.000287
17.262677 0.001727 0.000282
17.464249 0.001679 0.000273
17.720045 0.001619 0.000264
18.027756 0.001550 0.000253
18.384776 0.001473 0.000241
18.788294 0.001391 0.000227
19.235384 0.001304 0.000214
19.723083 0.001214 0.000201
20.248457 0.001122 0.000187
20.808652 0.001029 0.000175
21.400935 0.000936 0.000162
22.022716 0.000845 0.000149
22.671568 0.000754 0.000138
23.345235 0.000665 0.000127
24.041631 0.000577 0.000117
24.758837 0.000491 0.000108
25.495098 0.000406 0.000100
26.248809 0.000323 0.000093
27.018512 0.000241 0.000087
27.802878 0.000160 0.000084
28.600699 0.000080 0.000081
28.844410 0.000083 0.000085
28.017851 0.000167 0.000086
27.202941 0.000252 0.000090
26.400758 0.000338 0.000096
25.612497 0.000426 0.000102
24.839485 0.000515 0.000110
24.083189 0.000607 0.000118
23.345235 0.000701 0.000127
22.627417 0.000797 0.000139
21.931712 0.000897 0.000150
21.260292 0.000998 0.000163
20.615528 0.001102 0.000175
20.000000 0.001207 0.000190
19.416488 0.001313 0.000205
18.867962 0.001419 0.000219
18.357560 0.001524 0.000235
17.888544 0.001626 0.000250
17.464249 0.001723 0.000264
17.088007 0.001814 0.000279
16.763055 0.001896 0.000291
16.492423 0.001967 0.000303
16.278821 0.002024 0.000313
16.124515 0.002067 0.000320
16.031220 0.002093 0.000324
16.000000 0.002101 0.000325
16.031220 0.002091 0.000324
16.124515 0.002063 0.000319
16.278821 0.002019 0.000312
16.492423 0.001959 0.000302
16.763055 0.001886 0.000291
17.088007 0.001802 0.000278
17.464249 0.001709 0.000264
17.888544 0.001610 0.000249
18.357560 0.001505 0.000234
18.867962 0.001398 0.000219
19.416488 0.001289 0.000204
20.000000 0.001180 0.000189
20.615528 0.001072 0.000175
21.260292 0.000965 0.000162
21.931712 0.000860 0.000150
22.627417 0.000757 0.000139
23.345235 0.000656 0.000128
24.083189 0.000558 0.000118
24.839485 0.000461 0.000111
25.612497 0.000367 0.000104
26.400758 0.000274 0.000097
27.202941 0.000182 0.000093
28.017851 0.000091 0.000092
28.301943 0.000093 0.000094
27.459060 0.000187 0.000096
26.627054 0.000282 0.000100
25.806976 0.000378 0.000105
25.000000 0.000476 0.000111
24.207437 0.000577 0.000119
23.430749 0.000680 0.000128
22.671568 0.000787 0.000139
21.931712 0.000897 0.000150
21.213203 0.001010 0.000163
20.518285 0.001126 0.000176
19.849433 0.001246 0.000190
19.209373 0.001368 0.000206
18.601075 0.001492 0.000222
18.027756 0.001617 0.000240
17.492856 0.001741 0.000257
17.000000 0.001863 0.000275
16.552945 0.001980 0.000292
16.155494 0.002091 0.000308
15.811388 0.002191 0.000325
15.524175 0.002278 0.000338
15.297059 0.002349 0.000351
15.132746 0.002402 0.000359
15.033296 0.002434 0.000365
15.000000 0.002444 0.000366
15.033296 0.002432 0.000364
15.132746 0.002398 0.000359
15.297059 0.002343 0.000350
15.524175 0.002269 0.000338
15.811388 0.002180 0.000325
16.155494 0.002078 0.000308
16.552945 0.001965 0.000292
17.000000 0.001845 0.000275
17.492856 0.001721 0.000257
18.027756 0.001594 0.000239
18.601075 0.001466 0.000223
19.209373 0.001339 0.000207
19.849433 0.001213 0.000191
20.518285 0.001090 0.000176
21.213203 0.000969 0.000163
21.931712 0.000852 0.000151
22.671568 0.000737 0.000140
23.430749 0.000626 0.000130
24.207437 0.000517 0.000122
25.000000 0.000411 0.000114
25.806976 0.000306 0.000109
26.627054 0.000203 0.000104
27.459060 0.000101 0.000103
27.784888 0.000103 0.000103
26.925824 0.000206 0.000106
26.076810 0.000311 0.000110
25.238859 0.000418 0.000115
24.413111 0.000527 0.000122
23.600847 0.000639 0.000130
22.803509 0.000755 0.000140
22.022716 0.000874 0.000150
21.260292 0.000998 0.000163
20.518285 0.001126 0.000176
19.798990 0.001259 0.000191
19.104973 0.001396 0.000207
18.439089 0.001537 0.000224
17.804494 0.001682 0.000243
17.204651 0.001828 0.000263
16.643317 0.001975 0.000283
16.124515 0.002120 0.000304
15.652476 0.002261 0.000324
15.231546 0.002395 0.000346
14.866069 0.002517 0.000365
14.560220 0.002625 0.000382
14.317821 0.002713 0.000397
14.142136 0.002779 0.000407
14.035669 0.002820 0.000415
14.000000 0.002833 0.000417
14.035669 0.002818 0.000414
14.142136 0.002775 0.000408
14.317821 0.002707 0.000396
14.560220 0.002616 0.000381
14.866069 0.002506 0.000364
15.231546 0.002381 0.000345
15.652476 0.002245 0.000325
16.124515 0.002101 0.000304
16.643317 0.001953 0.000283
17.204651 0.001803 0.000263
17.804494 0.001653 0.000244
18.439089 0.001505 0.000225
19.104973 0.001360 0.000207
19.798990 0.001219 0.000192
20.518285 0.001082 0.000177
21.260292 0.000949 0.000164
22.022716 0.000820 0.000152
22.803509 0.000695 0.000142
23.600847 0.000574 0.000133
24.413111 0.000455 0.000125
25.238859 0.000339 0.000120
26.076810 0.000225 0.000115
26.925824 0.000112 0.000113
27.294688 0.000113 0.000113
26.419690 0.000226 0.000116
25.553865 0.000341 0.000120
24.698178 0.000458 0.000126
23.853721 0.000578 0.000132
23.021729 0.000702 0.000141
22.203603 0.000830 0.000151
21.400935 0.000963 0.000163
20.615528 0.001102 0.000175
19.849433 0.001246 0.000190
19.104973 0.001396 0.000207
18.384776 0.001553 0.000225
17.691806 0.001715 0.000245
17.029386 0.001882 0.000266
16.401219 0.002053 0.000289
15.811388 0.002226 0.000313
15.264338 0.002400 0.000338
14.764823 0.002569 0.000364
14.317821 0.002732 0.000389
13.928388 0.002882 0.000413
13.601471 0.003016 0.000435
13.341664 0.003127 0.000454
13.152946 0.003210 0.000469
13.038405 0.003261 0.000478
13.000000 0.003278 0.000481
13.038405 0.003259 0.000477
13.152946 0.003205 0.000468
13.341664 0.003119 0.000454
13.601471 0.003006 0.000435
13.928388 0.002870 0.000413
14.317821 0.002717 0.000389
14.764823 0.002551 0.000364
15.264338 0.002379 0.000338
15.811388 0.002202 0.000313
16.401219 0.002026 0.000290
17.029386 0.001851 0.000267
17.691806 0.001680 0.000246
18.384776 0.001514 0.000226
19.104973 0.001353 0.000208
19.849433 0.001198 0.000192
20.615528 0.001049 0.000178
21.400935 0.000904 0.000165
22.203603 0.000765 0.000154
23.021729 0.000631 0.000145
23.853721 0.000500 0.000137
24.698178 0.000372 0.000131
25.553865 0.000247 0.000127
26.419690 0.000123 0.000123
26.832816 0.000122 0.000123
25.942244 0.000245 0.000125
25.059928 0.000370 0.000129
24.186773 0.000498 0.000135
23.323808 0.000629 0.000142
22.472205 0.000765 0.000152
21.633308 0.000906 0.000163
20.808652 0.001053 0.000175
20.000000 0.001207 0.000190
19.209373 0.001368 0.000206
18.439089 0.001537 0.000224
17.691806 0.001715 0.000245
16.970563 0.001900 0.000267
16.278821 0.002093 0.000292
15.620499 0.002293 0.000319
15.000000 0.002497 0.000348
14.422205 0.002704 0.000379
13.892444 0.002908 0.000410
13.416408 0.003107 0.000441
13.000000 0.003293 0.000472
12.649111 0.003460 0.000501
12.369317 0.003601 0.000527
12.165525 0.003707 0.000546
12.041595 0.003773 0.000559
12.000000 0.003795 0.000563
12.041595 0.003771 0.000559
12.165525 0.003702 0.000546
12.369317 0.003593 0.000526
12.649111 0.003450 0.000502
13.000000 0.003280 0.000473
13.416408 0.003091 0.000441
13.892444 0.002889 0.000411
14.422205 0.002681 0.000379
15.000000 0.002471 0.000349
15.620499 0.002264 0.000320
16.278821 0.002060 0.000294
16.970563 0.001863 0.000269
17.691806 0.001673 0.000247
18.439089 0.001491 0.000226
19.209373 0.001317 0.000209
20.000000 0.001150 0.000192
20.808652 0.000990 0.000179
21.633308 0.000836 0.000167
22.472205 0.000688 0.000157
23.323808 0.000545 0.000148
24.186773 0.000405 0.000142
25.059928 0.000269 0.000138
25.942244 0.000134 0.000134
26.400758 0.000132 0.000132
25.495098 0.000264 0.000135
24.596748 0.000399 0.000139
23.706539 0.000537 0.000145
22.825424 0.000680 0.000153
21.954498 0.000827 0.000163
21.095023 0.000982 0.000175
20.248457 0.001143 0.000189
19.416488 0.001313 0.000205
18.601075 0.001492 0.000222
17.804494 0.001682 0.000243
17.029386 0.001882 0.000266
16.278821 0.002093 0.000292
15.556349 0.002315 0.000321
14.866069 0.002548 0.000353
14.212670 0.002788 0.000388
13.601471 0.003035 0.000425
13.038405 0.003283 0.000464
12.529964 0.003527 0.000506
12.083046 0.003759 0.000546
11.704700 0.003970 0.000585
11.401754 0.004150 0.000619
11.180340 0.004288 0.000646
11.045361 0.004375 0.000664
11.000000 0.004404 0.000670
11.045361 0.004373 0.000664
11.180340 0.004283 0.000646
11.401754 0.004142 0.000619
11.704700 0.003959 0.000585
12.083046 0.003745 0.000546
12.529964 0.003510 0.000506
13.038405 0.003263 0.000465
13.601471 0.003011 0.000427
14.212670 0.002761 0.000389
14.866069 0.002517 0.000355
15.556349 0.002280 0.000322
16.278821 0.002054 0.000294
17.029386 0.001838 0.000269
17.804494 0.001633 0.000246
18.601075 0.001438 0.000225
19.416488 0.001252 0.000208
20.248457 0.001076 0.000192
21.095023 0.000907 0.000180
21.954498 0.000746 0.000169
22.825424 0.000590 0.000160
23.706539 0.000438 0.000154
24.596748 0.000290 0.000148
25.495098 0.000145 0.000145
26.000000 0.000141 0.000142
25.079872 0.000283 0.000144
24.166092 0.000428 0.000149
23.259407 0.000576 0.000156
22.360680 0.000729 0.000164
21.470911 0.000889 0.000174
20.591260 0.001056 0.000187
19.723083 0.001233 0.000202
18.867962 0.001419 0.000219
18.027756 0.001617 0.000240
17.204651 0.001828 0.000263
16.401219 0.002053 0.000289
15.620499 0.002293 0.000319
14.866069 0.002548 0.000353
14.142136 0.002818 0.000392
13.453624 0.003101 0.000433
12.806248 0.003396 0.000480
12.206556 0.003697 0.000530
11.661904 0.003998 0.000582
11.180340 0.004290 0.000636
10.770330 0.004561 0.000689
10.440307 0.004796 0.000737
10.198039 0.004979 0.000777
10.049876 0.005095 0.000802
10.000000 0.005134 0.000811
10.049876 0.005092 0.000802
10.198039 0.004973 0.000776
10.440307 0.004787 0.000737
10.770330 0.004549 0.000689
11.180340 0.004276 0.000637
11.661904 0.003980 0.000583
12.206556 0.003675 0.000531
12.806248 0.003371 0.000481
13.453624 0.003072 0.000435
14.142136 0.002785 0.000393
14.866069 0.002511 0.000356
15.620499 0.002251 0.000322
16.401219 0.002006 0.000292
17.204651 0.001776 0.000266
18.027756 0.001559 0.000244
18.867962 0.001355 0.000224
19.723083 0.001161 0.000207
20.591260 0.000978 0.000193
21.470911 0.000802 0.000181
22.360680 0.000634 0.000171
23.259407 0.000470 0.000164
24.166092 0.000311 0.000159
25.079872 0.000155 0.000156
25.632011 0.000150 0.000150
24.698178 0.000301 0.000154
23.769729 0.000455 0.000158
22.847319 0.000613 0.000165
21.931712 0.000777 0.000174
21.023796 0.000949 0.000186
20.124612 0.001129 0.000199
19.235384 0.001320 0.000215
18.357560 0.001524 0.000235
17.492856 0.001741 0.000257
16.643317 0.001975 0.000283
15.811388 0.002226 0.000313
15.000000 0.002497 0.000348
14.212670 0.002788 0.000388
13.453624 0.003101 0.000433
12.727922 0.003434 0.000485
12.041595 0.003787 0.000543
11.401754 0.004154 0.000607
10.816654 0.004529 0.000676
10.295630 0.004900 0.000749
9.848858 0.005252 0.000823
9.486833 0.005564 0.000892
9.219544 0.005812 0.000951
9.055385 0.005972 0.000991
9.000000 0.006027 0.001005
9.055385 0.005969 0.000991
9.219544 0.005806 0.000951
9.486833 0.005555 0.000893
9.848858 0.005240 0.000824
10.295630 0.004885 0.000751
10.816654 0.004510 0.000678
11.401754 0.004132 0.000608
12.041595 0.003761 0.000545
12.727922 0.003404 0.000487
13.453624 0.003067 0.000436
14.212670 0.002750 0.000391
15.000000 0.002453 0.000351
15.811388 0.002177 0.000317
16.643317 0.001920 0.000287
17.492856 0.001681 0.000261
18.357560 0.001456 0.000240
19.235384 0.001245 0.000221
20.124612 0.001046 0.000206
21.023796 0.000857 0.000193
21.931712 0.000676 0.000183
22.847319 0.000502 0.000175
23.769729 0.000332 0.000169
24.698178 0.000165 0.000166
25.298221 0.000158 0.000159
24.351591 0.000318 0.000162
23.409400 0.000481 0.000167
22.472205 0.000649 0.000174
21.540659 0.000823 0.000184
20.615528 0.001006 0.000196
19.697716 0.001200 0.000211
18.788294 0.001405 0.000229
17.888544 0.001626 0.000250
17.000000 0.001863 0.000275
16.124515 0.002120 0.000304
15.264338 0.002400 0.000338
14.422205 0.002704 0.000379
13.601471 0.003035 0.000425
12.806248 0.003396 0.000480
12.041595 0.003787 0.000543
11.313708 0.004208 0.000615
10.630146 0.004657 0.000698
10.000000 0.005126 0.000790
9.433981 0.005603 0.000892
8.944272 0.006068 0.000996
8.544004 0.006491 0.001100
8.246211 0.006836 0.001191
8.062258 0.007064 0.001255
8.000000 0.007144 0.001279
8.062258 0.007061 0.001256
8.246211 0.006830 0.001192
8.544004 0.006481 0.001100
8.944272 0.006055 0.000998
9.433981 0.005587 0.000892
10.000000 0.005107 0.000792
10.630146 0.004634 0.000700
11.313708 0.004181 0.000617
12.041595 0.003755 0.000546
12.806248 0.003360 0.000483
13.601471 0.002994 0.000429
14.422205 0.002658 0.000382
15.264338 0.002348 0.000342
16.124515 0.002063 0.000308
17.000000 0.001800 0.000280
17.888544 0.001555 0.000255
18.788294 0.001327 0.000235
19.697716 0.001113 0.000218
20.615528 0.000910 0.000204
21.540659 0.000717 0.000193
22.472205 0.000531 0.000185
23.409400 0.000351 0.000179
24.351591 0.000175 0.000176
25.000000 0.000166 0.000167
24.041631 0.000334 0.000171
23.086793 0.000505 0.000176
22.135944 0.000682 0.000184
21.189620 0.000866 0.000193
20.248457 0.001060 0.000207
19.313208 0.001266 0.000222
18.384776 0.001486 0.000242
17.464249 0.001723 0.000264
16.552945 0.001980 0.000292
15.652476 0.002261 0.000324
14.764823 0.002569 0.000364
13.892444 0.002908 0.000410
13.038405 0.003283 0.000464
12.206556 0.003697 0.000530
11.401754 0.004154 0.000607
10.630146 0.004657 0.000698
9.899495 0.005206 0.000805
9.219544 0.005795 0.000929
8.602325 0.006414 0.001070
8.062258 0.007037 0.001224
7.615773 0.007625 0.001383
7.280110 0.008124 0.001532
7.071068 0.008464 0.001643
7.000000 0.008585 0.001687
7.071068 0.008461 0.001644
7.280110 0.008117 0.001532
7.615773 0.007616 0.001385
8.062258 0.007024 0.001225
8.602325 0.006397 0.001071
9.219544 0.005775 0.000931
9.899495 0.005182 0.000807
10.630146 0.004629 0.000700
11.401754 0.004122 0.000610
12.206556 0.003660 0.000533
13.038405 0.003241 0.000468
13.892444 0.002861 0.000414
14.764823 0.002516 0.000369
15.652476 0.002202 0.000330
16.552945 0.001914 0.000297
17.464249 0.001650 0.000271
18.384776 0.001405 0.000249
19.313208 0.001176 0.000230
20.248457 0.000960 0.000215
21.189620 0.000756 0.000203
22.135944 0.000559 0.000195
23.086793 0.000370 0.000189
24.041631 0.000184 0.000185
24.738634 0.000173 0.000174
23.769729 0.000348 0.000177
22.803509 0.000527 0.000183
21.840330 0.000712 0.000191
20.880613 0.000905 0.000202
19.924859 0.001110 0.000216
18.973666 0.001327 0.000233
18.027756 0.001561 0.000253
17.088007 0.001814 0.000279
16.155494 0.002091 0.000308
15.231546 0.002395 0.000346
14.317821 0.002732 0.000389
13.416408 0.003107 0.000441
12.529964 0.003527 0.000506
11.661904 0.003998 0.000582
10.816654 0.004529 0.000676
10.000000 0.005126 0.000790
9.219544 0.005795 0.000929
8.485281 0.006538 0.001096
7.810250 0.007345 0.001294
7.211103 0.008194 0.001525
6.708204 0.009035 0.001779
6.324555 0.009783 0.002035
6.082763 0.010319 0.002244
6.000000 0.010518 0.002334
6.082763 0.010316 0.002245
6.324555 0.009777 0.002035
6.708204 0.009025 0.001781
7.211103 0.008181 0.001527
7.810250 0.007328 0.001297
8.485281 0.006517 0.001098
9.219544 0.005770 0.000932
10.000000 0.005097 0.000793
10.816654 0.004496 0.000680
11.661904 0.003960 0.000586
12.529964 0.003483 0.000509
13.416408 0.003058 0.000446
14.317821 0.002677 0.000394
15.231546 0.002334 0.000350
16.155494 0.002022 0.000315
17.088007 0.001738 0.000286
18.027756 0.001476 0.000261
18.973666 0.001233 0.000241
19.924859 0.001006 0.000225
20.880613 0.000791 0.000213
21.840330 0.000585 0.000203
22.803509 0.000386 0.000197
23.769729 0.000192 0.000193
24.515301 0.000179 0.000180
23.537205 0.000361 0.000184
22.561028 0.000546 0.000190
21.587033 0.000739 0.000199
20.615528 0.000940 0.000209
19.646883 0.001154 0.000225
18.681542 0.001382 0.000242
17.720045 0.001628 0.000264
16.763055 0.001896 0.000291
15.811388 0.002191 0.000325
14.866069 0.002517 0.000365
13.928388 0.002882 0.000413
13.000000 0.003293 0.000472
12.083046 0.003759 0.000546
11.180340 0.004290 0.000636
10.295630 0.004900 0.000749
9.433981 0.005603 0.000892
8.602325 0.006414 0.001070
7.810250 0.007345 0.001294
7.071068 0.008404 0.001577
6.403124 0.009576 0.001926
5.830952 0.010809 0.002344
5.385165 0.011985 0.002806
5.099020 0.012892 0.003240
5.000000 0.013253 0.003460
5.099020 0.012888 0.003240
5.385165 0.011978 0.002808
5.830952 0.010799 0.002344
6.403124 0.009562 0.001928
7.071068 0.008386 0.001580
7.810250 0.007324 0.001298
8.602325 0.006388 0.001072
9.433981 0.005573 0.000894
10.295630 0.004866 0.000753
11.180340 0.004251 0.000641
12.083046 0.003715 0.000550
13.000000 0.003243 0.000477
13.928388 0.002826 0.000418
14.866069 0.002455 0.000371
15.811388 0.002121 0.000331
16.763055 0.001818 0.000299
17.720045 0.001541 0.000273
18.681542 0.001285 0.000252
19.646883 0.001047 0.000235
20.615528 0.000822 0.000222
21.587033 0.000608 0.000212
22.561028 0.000401 0.000204
23.537205 0.000199 0.000200
24.331050 0.000185 0.000186
23.345235 0.000371 0.000189
22.360680 0.000563 0.000196
21.377558 0.000762 0.000205
20.396078 0.000970 0.000217
19.416488 0.001191 0.000232
18.439089 0.001428 0.000251
17.464249 0.001685 0.000274
16.492423 0.001967 0.000303
15.524175 0.002278 0.000338
14.560220 0.002625 0.000382
13.601471 0.003016 0.000435
12.649111 0.003460 0.000501
11.704700 0.003970 0.000585
10.770330 0.004561 0.000689
9.848858 0.005252 0.000823
8.944272 0.006068 0.000996
8.062258 0.007037 0.001224
7.211103 0.008194 0.001525
6.403124 0.009576 0.001926
5.656854 0.011203 0.002459
5.000000 0.013054 0.003162
4.472136 0.014996 0.004048
4.123106 0.016673 0.005041
4.000000 0.017439 0.005720
4.123106 0.016670 0.005042
4.472136 0.014989 0.004050
5.000000 0.013044 0.003163
5.656854 0.011189 0.002462
6.403124 0.009558 0.001928
7.211103 0.008173 0.001528
8.062258 0.007011 0.001227
8.944272 0.006037 0.001000
9.848858 0.005217 0.000827
10.770330 0.004521 0.000693
11.704700 0.003925 0.000589
12.649111 0.003409 0.000507
13.601471 0.002958 0.000441
14.560220 0.002561 0.000388
15.524175 0.002206 0.000346
16.492423 0.001887 0.000311
17.464249 0.001597 0.000283
18.439089 0.001330 0.000260
19.416488 0.001082 0.000243
20.396078 0.000849 0.000228
21.377558 0.000627 0.000219
22.360680 0.000413 0.000211
23.345235 0.000205 0.000207
24.186773 0.000189 0.000190
23.194827 0.000380 0.000194
22.203603 0.000576 0.000200
21.213203 0.000780 0.000210
20.223748 0.000994 0.000222
19.235384 0.001221 0.000237
18.248288 0.001466 0.000257
17.262677 0.001732 0.000282
16.278821 0.002024 0.000313
15.297059 0.002349 0.000351
14.317821 0.002713 0.000397
13.341664 0.003127 0.000454
12.369317 0.003601 0.000527
11.401754 0.004150 0.000619
10.440307 0.004796 0.000737
9.486833 0.005564 0.000892
8.544004 0.006491 0.001100
7.615773 0.007625 0.001383
6.708204 0.009035 0.001779
5.830952 0.010809 0.002344
5.000000 0.013054 0.003162
4.242641 0.015868 0.004364
3.605551 0.019227 0.006134
3.162278 0.022673 0.008646
3.000000 0.024693 0.011298
3.162278 0.022669 0.008648
3.605551 0.019220 0.006136
4.242641 0.015858 0.004367
5.000000 0.013040 0.003164
5.830952 0.010791 0.002346
6.708204 0.009013 0.001783
7.615773 0.007599 0.001388
8.544004 0.006460 0.001104
9.486833 0.005528 0.000897
10.440307 0.004755 0.000742
11.401754 0.004104 0.000624
12.369317 0.003549 0.000532
13.341664 0.003068 0.000460
14.317821 0.002648 0.000403
15.297059 0.002276 0.000357
16.278821 0.001943 0.000321
17.262677 0.001642 0.000292
18.248288 0.001366 0.000268
19.235384 0.001110 0.000249
20.223748 0.000870 0.000235
21.213203 0.000642 0.000223
22.203603 0.000423 0.000216
23.194827 0.000210 0.000212
24.083189 0.000192 0.000193
23.086793 0.000386 0.000197
22.090722 0.000586 0.000203
21.095023 0.000793 0.000213
20.099751 0.001011 0.000225
19.104973 0.001243 0.000242
18.110770 0.001494 0.000263
17.117243 0.001766 0.000288
16.124515 0.002067 0.000320
15.132746 0.002402 0.000359
14.142136 0.002779 0.000407
13.152946 0.003210 0.000469
12.165525 0.003707 0.000546
11.180340 0.004288 0.000646
10.198039 0.004979 0.000777
9.219544 0.005812 0.000951
8.246211 0.006836 0.001191
7.280110 0.008124 0.001532
6.324555 0.009783 0.002035
5.385165 0.011985 0.002806
4.472136 0.014996 0.004048
3.605551 0.019227 0.006134
2.828427 0.025205 0.009795
2.236068 0.033079 0.016582
2.000000 0.040035 0.029258
2.236068 0.033076 0.016584
2.828427 0.025198 0.009798
3.605551 0.019216 0.006137
4.472136 0.014982 0.004051
5.385165 0.011967 0.002810
6.324555 0.009761 0.002039
7.280110 0.008097 0.001536
8.246211 0.006805 0.001196
9.219544 0.005776 0.000956
10.198039 0.004938 0.000781
11.180340 0.004242 0.000652
12.165525 0.003655 0.000552
13.152946 0.003151 0.000476
14.142136 0.002714 0.000414
15.132746 0.002328 0.000366
16.124515 0.001985 0.000329
17.117243 0.001675 0.000297
18.110770 0.001392 0.000273
19.104973 0.001130 0.000254
20.099751 0.000886 0.000238
21.095023 0.000654 0.000227
22.090722 0.000431 0.000220
23.086793 0.000214 0.000215
24.020824 0.000194 0.000195
23.021729 0.000390 0.000199
22.022716 0.000591 0.000205
21.023796 0.000801 0.000215
20.024984 0.001021 0.000228
19.026298 0.001256 0.000244
18.027756 0.001510 0.000265
17.029386 0.001787 0.000291
16.031220 0.002093 0.000324
15.033296 0.002434 0.000365
14.035669 0.002820 0.000415
13.038405 0.003261 0.000478
12.041595 0.003773 0.000559
11.045361 0.004375 0.000664
10.049876 0.005095 0.000802
9.055385 0.005972 0.000991
8.062258 0.007064 0.001255
7.071068 0.008464 0.001643
6.082763 0.010319 0.002244
5.099020 0.012892 0.003240
4.123106 0.016673 0.005041
3.162278 0.022673 0.008646
2.236068 0.033079 0.016582
1.414214 0.052337 0.035447
1.000000 0.083208 0.104919
1.414214 0.052334 0.035449
2.236068 0.033072 0.016586
3.162278 0.022662 0.008650
4.123106 0.016659 0.005044
5.099020 0.012873 0.003244
6.082763 0.010297 0.002248
7.071068 0.008437 0.001648
8.062258 0.007033 0.001260
9.055385 0.005936 0.000996
10.049876 0.005054 0.000808
11.045361 0.004328 0.000670
12.041595 0.003720 0.000565
13.038405 0.003202 0.000484
14.035669 0.002754 0.000422
15.033296 0.002360 0.000373
16.031220 0.002010 0.000332
17.029386 0.001695 0.000301
18.027756 0.001408 0.000276
19.026298 0.001143 0.000256
20.024984 0.000895 0.000241
21.023796 0.000660 0.000230
22.022716 0.000435 0.000222
23.021729 0.000216 0.000218
24.000000 0.000194 0.000195
23.000000 0.000391 0.000199
22.000000 0.000593 0.000206
21.000000 0.000803 0.000216
20.000000 0.001024 0.000229
19.000000 0.001260 0.000245
18.000000 0.001515 0.000266
17.000000 0.001793 0.000293
16.000000 0.002101 0.000325
15.000000 0.002444 0.000366
14.000000 0.002833 0.000417
13.000000 0.003278 0.000481
12.000000 0.003795 0.000563
11.000000 0.004404 0.000670
10.000000 0.005134 0.000811
9.000000 0.006027 0.001005
8.000000 0.007144 0.001279
7.000000 0.008585 0.001687
6.000000 0.010518 0.002334
5.000000 0.013253 0.003460
4.000000 0.017439 0.005720
3.000000 0.024693 0.011298
2.000000 0.040035 0.029258
1.000000 0.083208 0.104919
0.000000 0.249873 0.000003
1.000000 0.083205 0.104923
2.000000 0.040028 0.029261
3.000000 0.024682 0.011302
4.000000 0.017424 0.005724
5.000000 0.013234 0.003464
6.000000 0.010495 0.002338
7.000000 0.008558 0.001692
8.000000 0.007112 0.001284
9.000000 0.005990 0.001010
10.000000 0.005093 0.000817
11.000000 0.004357 0.000675
12.000000 0.003742 0.000569
13.000000 0.003219 0.000488
14.000000 0.002766 0.000424
15.000000 0.002370 0.000374
16.000000 0.002018 0.000334
17.000000 0.001701 0.000303
18.000000 0.001413 0.000277
19.000000 0.001147 0.000257
20.000000 0.000898 0.000242
21.000000 0.000662 0.000231
22.000000 0.000436 0.000223
23.000000 0.000217 0.000218
24.020824 0.000193 0.000195
23.021729 0.000389 0.000199
22.022716 0.000591 0.000205
21.023796 0.000800 0.000215
20.024984 0.001020 0.000228
19.026298 0.001255 0.000244
18.027756 0.001509 0.000265
17.029386 0.001785 0.000291
16.031220 0.002091 0.000324
15.033296 0.002432 0.000364
14.035669 0.002818 0.000414
13.038405 0.003259 0.000477
12.041595 0.003771 0.000559
11.045361 0.004373 0.000664
10.049876 0.005092 0.000802
9.055385 0.005969 0.000991
8.062258 0.007061 0.001256
7.071068 0.008461 0.001644
6.082763 0.010316 0.002245
5.099020 0.012888 0.003240
4.123106 0.016670 0.005042
3.162278 0.022669 0.008648
2.236068 0.033076 0.016584
1.414214 0.052334 0.035449
1.000000 0.083205 0.104923
1.414214 0.052330 0.035452
2.236068 0.033069 0.016588
3.162278 0.022658 0.008651
4.123106 0.016655 0.005045
5.099020 0.012870 0.003244
6.082763 0.010294 0.002249
7.071068 0.008434 0.001649
8.062258 0.007030 0.001261
9.055385 0.005933 0.000996
10.049876 0.005051 0.000807
11.045361 0.004326 0.000669
12.041595 0.003718 0.000565
13.038405 0.003200 0.000484
14.035669 0.002751 0.000422
15.033296 0.002358 0.000373
16.031220 0.002008 0.000332
17.029386 0.001694 0.000301
18.027756 0.001407 0.000276
19.026298 0.001142 0.000256
20.024984 0.000894 0.000241
21.023796 0.000660 0.000230
22.022716 0.000435 0.000222
23.021729 0.000216 0.000217
24.083189 0.000191 0.000193
23.086793 0.000385 0.000196
22.090722 0.000584 0.000203
21.095023 0.000791 0.000212
20.099751 0.001009 0.000225
19.104973 0.001241 0.000242
18.110770 0.001491 0.000262
17.117243 0.001763 0.000287
16.124515 0.002063 0.000319
15.132746 0.002398 0.000359
14.142136 0.002775 0.000408
13.152946 0.003205 0.000468
12.165525 0.003702 0.000546
11.180340 0.004283 0.000646
10.198039 0.004973 0.000776
9.219544 0.005806 0.000951
8.246211 0.006830 0.001192
7.280110 0.008117 0.001532
6.324555 0.009777 0.002035
5.385165 0.011978 0.002808
4.472136 0.014989 0.004050
3.605551 0.019220 0.006136
2.828427 0.025198 0.009798
2.236068 0.033072 0.016586
2.000000 0.040028 0.029261
2.236068 0.033069 0.016588
2.828427 0.025191 0.009800
3.605551 0.019209 0.006139
4.472136 0.014975 0.004053
5.385165 0.011960 0.002811
6.324555 0.009754 0.002040
7.280110 0.008091 0.001537
8.246211 0.006799 0.001196
9.219544 0.005770 0.000956
10.198039 0.004932 0.000782
11.180340 0.004237 0.000651
12.165525 0.003650 0.000552
13.152946 0.003146 0.000475
14.142136 0.002709 0.000415
15.132746 0.002324 0.000367
16.124515 0.001981 0.000328
17.117243 0.001672 0.000297
18.110770 0.001389 0.000273
19.104973 0.001128 0.000254
20.099751 0.000884 0.000238
21.095023 0.000652 0.000227
22.090722 0.000430 0.000219
23.086793 0.000213 0.000215
24.186773 0.000188 0.000189
23.194827 0.000379 0.000193
22.203603 0.000574 0.000199
21.213203 0.000777 0.000209
20.223748 0.000990 0.000221
19.235384 0.001217 0.000238
18.248288 0.001461 0.000257
17.262677 0.001727 0.000282
16.278821 0.002019 0.000312
15.297059 0.002343 0.000350
14.317821 0.002707 0.000396
13.341664 0.003119 0.000454
12.369317 0.003593 0.000526
11.401754 0.004142 0.000619
10.440307 0.004787 0.000737
9.486833 0.005555 0.000893
8.544004 0.006481 0.001100
7.615773 0.007616 0.001385
6.708204 0.009025 0.001781
5.830952 0.010799 0.002344
5.000000 0.013044 0.003163
4.242641 0.015858 0.004367
3.605551 0.019216 0.006137
3.162278 0.022662 0.008650
3.000000 0.024682 0.011302
3.162278 0.022658 0.008651
3.605551 0.019209 0.006139
4.242641 0.015847 0.004370
5.000000 0.013030 0.003166
5.830952 0.010781 0.002348
6.708204 0.009003 0.001784
7.615773 0.007590 0.001388
8.544004 0.006451 0.001105
9.486833 0.005520 0.000897
10.440307 0.004747 0.000743
11.401754 0.004096 0.000624
12.369317 0.003541 0.000532
13.341664 0.003061 0.000461
14.317821 0.002642 0.000403
15.297059 0.002270 0.000358
16.278821 0.001938 0.000321
17.262677 0.001637 0.000291
18.248288 0.001362 0.000267
19.235384 0.001107 0.000248
20.223748 0.000867 0.000234
21.213203 0.000640 0.000223
22.203603 0.000422 0.000215
23.194827 0.000210 0.000211
24.331050 0.000184 0.000185
23.345235 0.000370 0.000188
22.360680 0.000560 0.000195
21.377558 0.000758 0.000204
20.396078 0.000966 0.000216
19.416488 0.001186 0.000231
18.439089 0.001422 0.000250
17.464249 0.001679 0.000273
16.492423 0.001959 0.000302
15.524175 0.002269 0.000338
14.560220 0.002616 0.000381
13.601471 0.003006 0.000435
12.649111 0.003450 0.000502
11.704700 0.003959 0.000585
10.770330 0.004549 0.000689
9.848858 0.005240 0.000824
8.944272 0.006055 0.000998
8.062258 0.007024 0.001225
7.211103 0.008181 0.001527
6.403124 0.009562 0.001928
5.656854 0.011189 0.002462
5.000000 0.013040 0.003164
4.472136 0.014982 0.004051
4.123106 0.016659 0.005044
4.000000 0.017424 0.005724
4.123106 0.016655 0.005045
4.472136 0.014975 0.004053
5.000000 0.013030 0.003166
5.656854 0.011175 0.002465
6.403124 0.009544 0.001931
7.211103 0.008159 0.001530
8.062258 0.006998 0.001229
8.944272 0.006025 0.001001
9.848858 0.005205 0.000827
10.770330 0.004510 0.000695
11.704700 0.003914 0.000589
12.649111 0.003399 0.000507
13.601471 0.002949 0.000441
14.560220 0.002552 0.000388
15.524175 0.002198 0.000345
16.492423 0.001880 0.000311
17.464249 0.001591 0.000283
18.439089 0.001324 0.000260
19.416488 0.001077 0.000242
20.396078 0.000845 0.000228
21.377558 0.000624 0.000218
22.360680 0.000412 0.000210
23.345235 0.000204 0.000206
24.515301 0.000178 0.000179
23.537205 0.000358 0.000182
22.561028 0.000543 0.000189
21.587033 0.000734 0.000198
20.615528 0.000935 0.000209
19.646883 0.001147 0.000224
18.681542 0.001374 0.000242
17.720045 0.001619 0.000264
16.763055 0.001886 0.000291
15.811388 0.002180 0.000325
14.866069 0.002506 0.000364
13.928388 0.002870 0.000413
13.000000 0.003280 0.000473
12.083046 0.003745 0.000546
11.180340 0.004276 0.000637
10.295630 0.004885 0.000751
9.433981 0.005587 0.000892
8.602325 0.006397 0.001071
7.810250 0.007328 0.001297
7.071068 0.008386 0.001580
6.403124 0.009558 0.001928
5.830952 0.010791 0.002346
5.385165 0.011967 0.002810
5.099020 0.012873 0.003244
5.000000 0.013234 0.003464
5.099020 0.012870 0.003244
5.385165 0.011960 0.002811
5.830952 0.010781 0.002348
6.403124 0.009544 0.001931
7.071068 0.008369 0.001583
7.810250 0.007307 0.001299
8.602325 0.006372 0.001075
9.433981 0.005558 0.000895
10.295630 0.004851 0.000754
11.180340 0.004237 0.000641
12.083046 0.003701 0.000551
13.000000 0.003230 0.000477
13.928388 0.002814 0.000418
14.866069 0.002444 0.000371
15.811388 0.002111 0.000331
16.763055 0.001809 0.000299
17.720045 0.001533 0.000272
18.681542 0.001279 0.000251
19.646883 0.001041 0.000234
20.615528 0.000817 0.000220
21.587033 0.000604 0.000210
22.561028 0.000399 0.000203
23.537205 0.000198 0.000199
24.738634 0.000172 0.000173
23.769729 0.000345 0.000177
22.803509 0.000523 0.000182
21.840330 0.000707 0.000190
20.880613 0.000899 0.000201
19.924859 0.001102 0.000214
18.973666 0.001318 0.000232
18.027756 0.001550 0.000253
17.088007 0.001802 0.000278
16.155494 0.002078 0.000308
15.231546 0.002381 0.000345
14.317821 0.002717 0.000389
13.416408 0.003091 0.000441
12.529964 0.003510 0.000506
11.661904 0.003980 0.000583
10.816654 0.004510 0.000678
10.000000 0.005107 0.000792
9.219544 0.005775 0.000931
8.485281 0.006517 0.001098
7.810250 0.007324 0.001298
7.211103 0.008173 0.001528
6.708204 0.009013 0.001783
6.324555 0.009761 0.002039
6.082763 0.010297 0.002248
6.000000 0.010495 0.002338
6.082763 0.010294 0.002249
6.324555 0.009754 0.002040
6.708204 0.009003 0.001784
7.211103 0.008159 0.001530
7.810250 0.007307 0.001299
8.485281 0.006496 0.001100
9.219544 0.005751 0.000933
10.000000 0.005078 0.000795
10.816654 0.004477 0.000681
11.661904 0.003943 0.000587
12.529964 0.003467 0.000510
13.416408 0.003043 0.000446
14.317821 0.002663 0.000394
15.231546 0.002320 0.000351
16.155494 0.002010 0.000315
17.088007 0.001727 0.000285
18.027756 0.001467 0.000261
18.973666 0.001225 0.000241
19.924859 0.000999 0.000225
20.880613 0.000785 0.000212
21.840330 0.000581 0.000203
22.803509 0.000383 0.000196
23.769729 0.000191 0.000192
25.000000 0.000164 0.000165
24.041631 0.000331 0.000169
23.086793 0.000500 0.000175
22.135944 0.000676 0.000182
21.189620 0.000858 0.000193
20.248457 0.001051 0.000205
19.313208 0.001255 0.000221
18.384776 0.001473 0.000241
17.464249 0.001709 0.000264
16.552945 0.001965 0.000292
15.652476 0.002245 0.000325
14.764823 0.002551 0.000364
13.892444 0.002889 0.000411
13.038405 0.003263 0.000465
12.206556 0.003675 0.000531
11.401754 0.004132 0.000608
10.630146 0.004634 0.000700
9.899495 0.005182 0.000807
9.219544 0.005770 0.000932
8.602325 0.006388 0.001072
8.062258 0.007011 0.001227
7.615773 0.007599 0.001388
7.280110 0.008097 0.001536
7.071068 0.008437 0.001648
7.000000 0.008558 0.001692
7.071068 0.008434 0.001649
7.280110 0.008091 0.001537
7.615773 0.007590 0.001388
8.062258 0.006998 0.001229
8.602325 0.006372 0.001075
9.219544 0.005751 0.000933
9.899495 0.005158 0.000809
10.630146 0.004606 0.000702
11.401754 0.004100 0.000611
12.206556 0.003639 0.000534
13.038405 0.003221 0.000469
13.892444 0.002843 0.000414
14.764823 0.002499 0.000368
15.652476 0.002186 0.000329
16.552945 0.001900 0.000298
17.464249 0.001637 0.000271
18.384776 0.001393 0.000248
19.313208 0.001166 0.000230
20.248457 0.000952 0.000214
21.189620 0.000749 0.000203
22.135944 0.000554 0.000193
23.086793 0.000366 0.000187
24.041631 0.000182 0.000183
25.298221 0.000156 0.000157
24.351591 0.000314 0.000161
23.409400 0.000475 0.000166
22.472205 0.000641 0.000173
21.540659 0.000814 0.000183
20.615528 0.000995 0.000195
19.697716 0.001187 0.000210
18.788294 0.001391 0.000227
17.888544 0.001610 0.000249
17.000000 0.001845 0.000275
16.124515 0.002101 0.000304
15.264338 0.002379 0.000338
14.422205 0.002681 0.000379
13.601471 0.003011 0.000427
12.806248 0.003371 0.000481
12.041595 0.003761 0.000545
11.313708 0.004181 0.000617
10.630146 0.004629 0.000700
10.000000 0.005097 0.000793
9.433981 0.005573 0.000894
8.944272 0.006037 0.001000
8.544004 0.006460 0.001104
8.246211 0.006805 0.001196
8.062258 0.007033 0.001260
8.000000 0.007112 0.001284
8.062258 0.007030 0.001261
8.246211 0.006799 0.001196
8.544004 0.006451 0.001105
8.944272 0.006025 0.001001
9.433981 0.005558 0.000895
10.000000 0.005078 0.000795
10.630146 0.004606 0.000702
11.313708 0.004154 0.000619
12.041595 0.003730 0.000546
12.806248 0.003335 0.000483
13.601471 0.002971 0.000429
14.422205 0.002636 0.000382
15.264338 0.002329 0.000342
16.124515 0.002045 0.000309
17.000000 0.001783 0.000279
17.888544 0.001540 0.000255
18.788294 0.001314 0.000233
19.697716 0.001101 0.000217
20.615528 0.000901 0.000203
21.540659 0.000709 0.000191
22.472205 0.000526 0.000183
23.409400 0.000347 0.000177
24.351591 0.000173 0.000174
25.632011 0.000148 0.000148
24.698178 0.000297 0.000151
23.769729 0.000449 0.000156
22.847319 0.000605 0.000163
21.931712 0.000767 0.000173
21.023796 0.000936 0.000184
20.124612 0.001115 0.000198
19.235384 0.001304 0.000214
18.357560 0.001505 0.000234
17.492856 0.001721 0.000257
16.643317 0.001953 0.000283
15.811388 0.002202 0.000313
15.000000 0.002471 0.000349
14.212670 0.002761 0.000389
13.453624 0.003072 0.000435
12.727922 0.003404 0.000487
12.041595 0.003755 0.000546
11.401754 0.004122 0.000610
10.816654 0.004496 0.000680
10.295630 0.004866 0.000753
9.848858 0.005217 0.000827
9.486833 0.005528 0.000897
9.219544 0.005776 0.000956
9.055385 0.005936 0.000996
9.000000 0.005990 0.001010
9.055385 0.005933 0.000996
9.219544 0.005770 0.000956
9.486833 0.005520 0.000897
9.848858 0.005205 0.000827
10.295630 0.004851 0.000754
10.816654 0.004477 0.000681
11.401754 0.004100 0.000611
12.041595 0.003730 0.000546
12.727922 0.003375 0.000489
13.453624 0.003039 0.000437
14.212670 0.002723 0.000391
15.000000 0.002429 0.000351
15.811388 0.002154 0.000317
16.643317 0.001899 0.000287
17.492856 0.001661 0.000261
18.357560 0.001439 0.000239
19.235384 0.001230 0.000220
20.124612 0.001033 0.000204
21.023796 0.000846 0.000191
21.931712 0.000667 0.000181
22.847319 0.000495 0.000173
23.769729 0.000327 0.000167
24.698178 0.000163 0.000164
26.000000 0.000138 0.000139
25.079872 0.000278 0.000142
24.166092 0.000420 0.000147
23.259407 0.000566 0.000153
22.360680 0.000717 0.000162
21.470911 0.000875 0.000173
20.591260 0.001040 0.000185
19.723083 0.001214 0.000201
18.867962 0.001398 0.000219
18.027756 0.001594 0.000239
17.204651 0.001803 0.000263
16.401219 0.002026 0.000290
15.620499 0.002264 0.000320
14.866069 0.002517 0.000355
14.142136 0.002785 0.000393
13.453624 0.003067 0.000436
12.806248 0.003360 0.000483
12.206556 0.003660 0.000533
11.661904 0.003960 0.000586
11.180340 0.004251 0.000641
10.770330 0.004521 0.000693
10.440307 0.004755 0.000742
10.198039 0.004938 0.000781
10.049876 0.005054 0.000808
10.000000 0.005093 0.000817
10.049876 0.005051 0.000807
10.198039 0.004932 0.000782
10.440307 0.004747 0.000743
10.770330 0.004510 0.000695
11.180340 0.004237 0.000641
11.661904 0.003943 0.000587
12.206556 0.003639 0.000534
12.806248 0.003335 0.000483
13.453624 0.003039 0.000437
14.142136 0.002753 0.000395
14.866069 0.002481 0.000356
15.620499 0.002223 0.000322
16.401219 0.001980 0.000292
17.204651 0.001752 0.000265
18.027756 0.001537 0.000242
18.867962 0.001335 0.000223
19.723083 0.001144 0.000205
20.591260 0.000963 0.000191
21.470911 0.000790 0.000179
22.360680 0.000623 0.000169
23.259407 0.000463 0.000162
24.166092 0.000306 0.000156
25.079872 0.000152 0.000153
26.400758 0.000129 0.000129
25.495098 0.000259 0.000132
24.596748 0.000391 0.000137
23.706539 0.000527 0.000144
22.825424 0.000666 0.000151
21.954498 0.000811 0.000161
21.095023 0.000963 0.000173
20.248457 0.001122 0.000187
19.416488 0.001289 0.000204
18.601075 0.001466 0.000223
17.804494 0.001653 0.000244
17.029386 0.001851 0.000267
16.278821 0.002060 0.000294
15.556349 0.002280 0.000322
14.866069 0.002511 0.000356
14.212670 0.002750 0.000391
13.601471 0.002994 0.000429
13.038405 0.003241 0.000468
12.529964 0.003483 0.000509
12.083046 0.003715 0.000550
11.704700 0.003925 0.000589
11.401754 0.004104 0.000624
11.180340 0.004242 0.000652
11.045361 0.004328 0.000670
11.000000 0.004357 0.000675
11.045361 0.004326 0.000669
11.180340 0.004237 0.000651
11.401754 0.004096 0.000624
11.704700 0.003914 0.000589
12.083046 0.003701 0.000551
12.529964 0.003467 0.000510
13.038405 0.003221 0.000469
13.601471 0.002971 0.000429
14.212670 0.002723 0.000391
14.866069 0.002481 0.000356
15.556349 0.002246 0.000324
16.278821 0.002022 0.000295
17.029386 0.001808 0.000269
17.804494 0.001605 0.000246
18.601075 0.001413 0.000225
19.416488 0.001230 0.000207
20.248457 0.001056 0.000191
21.095023 0.000890 0.000178
21.954498 0.000731 0.000167
22.825424 0.000578 0.000158
23.706539 0.000430 0.000151
24.596748 0.000285 0.000146
25.495098 0.000142 0.000142
26.832816 0.000119 0.000120
25.942244 0.000239 0.000123
25.059928 0.000361 0.000127
24.186773 0.000486 0.000133
23.323808 0.000614 0.000140
22.472205 0.000747 0.000150
21.633308 0.000885 0.000161
20.808652 0.001029 0.000175
20.000000 0.001180 0.000189
19.209373 0.001339 0.000207
18.439089 0.001505 0.000225
17.691806 0.001680 0.000246
16.970563 0.001863 0.000269
16.278821 0.002054 0.000294
15.620499 0.002251 0.000322
15.000000 0.002453 0.000351
14.422205 0.002658 0.000382
13.892444 0.002861 0.000414
13.416408 0.003058 0.000446
13.000000 0.003243 0.000477
12.649111 0.003409 0.000507
12.369317 0.003549 0.000532
12.165525 0.003655 0.000552
12.041595 0.003720 0.000565
12.000000 0.003742 0.000569
12.041595 0.003718 0.000565
12.165525 0.003650 0.000552
12.369317 0.003541 0.000532
12.649111 0.003399 0.000507
13.000000 0.003230 0.000477
13.416408 0.003043 0.000446
13.892444 0.002843 0.000414
14.422205 0.002636 0.000382
15.000000 0.002429 0.000351
15.620499 0.002223 0.000322
16.278821 0.002022 0.000295
16.970563 0.001827 0.000270
17.691806 0.001640 0.000247
18.439089 0.001461 0.000227
19.209373 0.001289 0.000208
20.000000 0.001125 0.000191
20.808652 0.000968 0.000177
21.633308 0.000817 0.000165
22.472205 0.000672 0.000155
23.323808 0.000532 0.000145
24.186773 0.000396 0.000139
25.059928 0.000262 0.000135
25.942244 0.000131 0.000131
27.294688 0.000109 0.000110
26.419690 0.000219 0.000113
25.553865 0.000331 0.000117
24.698178 0.000444 0.000122
23.853721 0.000561 0.000130
23.021729 0.000682 0.000139
22.203603 0.000807 0.000149
21.400935 0.000936 0.000162
20.615528 0.001072 0.000175
19.849433 0.001213 0.000191
19.104973 0.001360 0.000207
18.384776 0.001514 0.000226
17.691806 0.001673 0.000247
17.029386 0.001838 0.000269
16.401219 0.002006 0.000292
15.811388 0.002177 0.000317
15.264338 0.002348 0.000342
14.764823 0.002516 0.000369
14.317821 0.002677 0.000394
13.928388 0.002826 0.000418
13.601471 0.002958 0.000441
13.341664 0.003068 0.000460
13.152946 0.003151 0.000476
13.038405 0.003202 0.000484
13.000000 0.003219 0.000488
13.038405 0.003200 0.000484
13.152946 0.003146 0.000475
13.341664 0.003061 0.000461
13.601471 0.002949 0.000441
13.928388 0.002814 0.000418
14.317821 0.002663 0.000394
14.764823 0.002499 0.000368
15.264338 0.002329 0.000342
15.811388 0.002154 0.000317
16.401219 0.001980 0.000292
17.029386 0.001808 0.000269
17.691806 0.001640 0.000247
18.384776 0.001477 0.000228
19.104973 0.001319 0.000209
19.849433 0.001167 0.000192
20.615528 0.001021 0.000176
21.400935 0.000880 0.000164
22.203603 0.000744 0.000152
23.021729 0.000613 0.000142
23.853721 0.000486 0.000134
24.698178 0.000362 0.000128
25.553865 0.000240 0.000123
26.419690 0.000119 0.000121
27.784888 0.000099 0.000100
26.925824 0.000199 0.000102
26.076810 0.000300 0.000107
25.238859 0.000403 0.000112
24.413111 0.000508 0.000119
23.600847 0.000617 0.000128
22.803509 0.000729 0.000138
22.022716 0.000845 0.000149
21.260292 0.000965 0.000162
20.518285 0.001090 0.000176
19.798990 0.001219 0.000192
19.104973 0.001353 0.000208
18.439089 0.001491 0.000226
17.804494 0.001633 0.000246
17.204651 0.001776 0.000266
16.643317 0.001920 0.000287
16.124515 0.002063 0.000308
15.652476 0.002202 0.000330
15.231546 0.002334 0.000350
14.866069 0.002455 0.000371
14.560220 0.002561 0.000388
14.317821 0.002648 0.000403
14.142136 0.002714 0.000414
14.035669 0.002754 0.000422
14.000000 0.002766 0.000424
14.035669 0.002751 0.000422
14.142136 0.002709 0.000415
14.317821 0.002642 0.000403
14.560220 0.002552 0.000388
14.866069 0.002444 0.000371
15.231546 0.002320 0.000351
15.652476 0.002186 0.000329
16.124515 0.002045 0.000309
16.643317 0.001899 0.000287
17.204651 0.001752 0.000265
17.804494 0.001605 0.000246
18.439089 0.001461 0.000227
19.104973 0.001319 0.000209
19.798990 0.001181 0.000192
20.518285 0.001047 0.000177
21.260292 0.000918 0.000163
22.022716 0.000793 0.000150
22.803509 0.000672 0.000139
23.600847 0.000554 0.000130
24.413111 0.000439 0.000122
25.238859 0.000327 0.000116
26.076810 0.000217 0.000112
26.925824 0.000108 0.000110
28.301943 0.000089 0.000090
27.459060 0.000179 0.000092
26.627054 0.000269 0.000096
25.806976 0.000361 0.000102
25.000000 0.000455 0.000109
24.207437 0.000552 0.000117
23.430749 0.000651 0.000127
22.671568 0.000754 0.000138
21.931712 0.000860 0.000150
21.213203 0.000969 0.000163
20.518285 0.001082 0.000177
19.849433 0.001198 0.000192
19.209373 0.001317 0.000209
18.601075 0.001438 0.000225
18.027756 0.001559 0.000244
17.492856 0.001681 0.000261
17.000000 0.001800 0.000280
16.552945 0.001914 0.000297
16.155494 0.002022 0.000315
15.811388 0.002121 0.000331
15.524175 0.002206 0.000346
15.297059 0.002276 0.000357
15.132746 0.002328 0.000366
15.033296 0.002360 0.000373
15.000000 0.002370 0.000374
15.033296 0.002358 0.000373
15.132746 0.002324 0.000367
15.297059 0.002270 0.000358
15.524175 0.002198 0.000345
15.811388 0.002111 0.000331
16.155494 0.002010 0.000315
16.552945 0.001900 0.000298
17.000000 0.001783 0.000279
17.492856 0.001661 0.000261
18.027756 0.001537 0.000242
18.601075 0.001413 0.000225
19.209373 0.001289 0.000208
19.849433 0.001167 0.000192
20.518285 0.001047 0.000177
21.213203 0.000931 0.000163
21.931712 0.000817 0.000150
22.671568 0.000707 0.000138
23.430749 0.000600 0.000128
24.207437 0.000495 0.000118
25.000000 0.000393 0.000111
25.806976 0.000293 0.000105
26.627054 0.000194 0.000101
27.459060 0.000097 0.000098
28.844410 0.000079 0.000080
28.017851 0.000158 0.000082
27.202941 0.000238 0.000087
26.400758 0.000320 0.000092
25.612497 0.000403 0.000099
24.839485 0.000488 0.000107
24.083189 0.000575 0.000116
23.345235 0.000665 0.000127
22.627417 0.000757 0.000139
21.931712 0.000852 0.000151
21.260292 0.000949 0.000164
20.615528 0.001049 0.000178
20.000000 0.001150 0.000192
19.416488 0.001252 0.000208
18.867962 0.001355 0.000224
18.357560 0.001456 0.000240
17.888544 0.001555 0.000255
17.464249 0.001650 0.000271
17.088007 0.001738 0.000286
16.763055 0.001818 0.000299
16.492423 0.001887 0.000311
16.278821 0.001943 0.000321
16.124515 0.001985 0.000329
16.031220 0.002010 0.000332
16.000000 0.002018 0.000334
16.031220 0.002008 0.000332
16.124515 0.001981 0.000328
16.278821 0.001938 0.000321
16.492423 0.001880 0.000311
16.763055 0.001809 0.000299
17.088007 0.001727 0.000285
17.464249 0.001637 0.000271
17.888544 0.001540 0.000255
18.357560 0.001439 0.000239
18.867962 0.001335 0.000223
19.416488 0.001230 0.000207
20.000000 0.001125 0.000191
20.615528 0.001021 0.000176
21.260292 0.000918 0.000163
21.931712 0.000817 0.000150
22.627417 0.000719 0.000137
23.345235 0.000623 0.000126
24.083189 0.000529 0.000116
24.839485 0.000437 0.000108
25.612497 0.000347 0.000100
26.400758 0.000259 0.000094
27.202941 0.000172 0.000090
28.017851 0.000086 0.000087
29.410882 0.000069 0.000070
28.600699 0.000138 0.000072
27.802878 0.000208 0.000076
27.018512 0.000279 0.000082
26.248809 0.000351 0.000090
25.495098 0.000424 0.000097
24.758837 0.000500 0.000107
24.041631 0.000577 0.000117
23.345235 0.000656 0.000128
22.671568 0.000737 0.000140
22.022716 0.000820 0.000152
21.400935 0.000904 0.000165
20.808652 0.000990 0.000179
20.248457 0.001076 0.000192
19.723083 0.001161 0.000207
19.235384 0.001245 0.000221
18.788294 0.001327 0.000235
18.384776 0.001405 0.000249
18.027756 0.001476 0.000261
17.720045 0.001541 0.000273
17.464249 0.001597 0.000283
17.262677 0.001642 0.000292
17.117243 0.001675 0.000297
17.029386 0.001695 0.000301
17.000000 0.001701 0.000303
17.029386 0.001694 0.000301
17.117243 0.001672 0.000297
17.262677 0.001637 0.000291
17.464249 0.001591 0.000283
17.720045 0.001533 0.000272
18.027756 0.001467 0.000261
18.384776 0.001393 0.000248
18.788294 0.001314 0.000233
19.235384 0.001230 0.000220
19.723083 0.001144 0.000205
20.248457 0.001056 0.000191
20.808652 0.000968 0.000177
21.400935 0.000880 0.000164
22.022716 0.000793 0.000150
22.671568 0.000707 0.000138
23.345235 0.000623 0.000126
24.041631 0.000540 0.000116
24.758837 0.000459 0.000106
25.495098 0.000380 0.000097
26.248809 0.000302 0.000089
27.018512 0.000225 0.000083
27.802878 0.000150 0.000078
28.600699 0.000075 0.000076
30.000000 0.000059 0.000060
29.206164 0.000118 0.000062
28.425341 0.000177 0.000067
27.658633 0.000238 0.000073
26.907248 0.000299 0.000080
26.172505 0.000362 0.000088
25.455844 0.000426 0.000098
24.758837 0.000491 0.000108
24.083189 0.000558 0.000118
23.430749 0.000626 0.000130
22.803509 0.000695 0.000142
22.203603 0.000765 0.000154
21.633308 0.000836 0.000167
21.095023 0.000907 0.000180
20.591260 0.000978 0.000193
20.124612 0.001046 0.000206
19.697716 0.001113 0.000218
19.313208 0.001176 0.000230
18.973666 0.001233 0.000241
18.681542 0.001285 0.000252
18.439089 0.001330 0.000260
18.248288 0.001366 0.000268
18.110770 0.001392 0.000273
18.027756 0.001408 0.000276
18.000000 0.001413 0.000277
18.027756 0.001407 0.000276
18.110770 0.001389 0.000273
18.248288 0.001362 0.000267
18.439089 0.001324 0.000260
18.681542 0.001279 0.000251
18.973666 0.001225 0.000241
19.313208 0.001166 0.000230
19.697716 0.001101 0.000217
20.124612 0.001033 0.000204
20.591260 0.000963 0.000191
21.095023 0.000890 0.000178
21.633308 0.000817 0.000165
22.203603 0.000744 0.000152
22.803509 0.000672 0.000139
23.430749 0.000600 0.000128
24.083189 0.000529 0.000116
24.758837 0.000459 0.000106
25.455844 0.000391 0.000096
26.172505 0.000324 0.000087
26.907248 0.000257 0.000079
27.658633 0.000192 0.000073
28.425341 0.000128 0.000068
29.206164 0.000064 0.000065
30.610456 0.000049 0.000050
29.832868 0.000098 0.000053
29.068884 0.000147 0.000058
28.319605 0.000197 0.000064
27.586228 0.000248 0.000072
26.870058 0.000300 0.000080
26.172505 0.000353 0.000089
25.495098 0.000406 0.000100
24.839485 0.000461 0.000111
24.207437 0.000517 0.000122
23.600847 0.000574 0.000133
23.021729 0.000631 0.000145
22.472205 0.000688 0.000157
21.954498 0.000746 0.000169
21.470911 0.000802 0.000181
21.023796 0.000857 0.000193
20.615528 0.000910 0.000204
20.248457 0.000960 0.000215
19.924859 0.001006 0.000225
19.646883 0.001047 0.000235
19.416488 0.001082 0.000243
19.235384 0.001110 0.000249
19.104973 0.001130 0.000254
19.026298 0.001143 0.000256
19.000000 0.001147 0.000257
19.026298 0.001142 0.000256
19.104973 0.001128 0.000254
19.235384 0.001107 0.000248
19.416488 0.001077 0.000242
19.646883 0.001041 0.000234
19.924859 0.000999 0.000225
20.248457 0.000952 0.000214
20.615528 0.000901 0.000203
21.023796 0.000846 0.000191
21.470911 0.000790 0.000179
21.954498 0.000731 0.000167
22.472205 0.000672 0.000155
23.021729 0.000613 0.000142
23.600847 0.000554 0.000130
24.207437 0.000495 0.000118
24.839485 0.000437 0.000108
25.495098 0.000380 0.000097
26.172505 0.000324 0.000087
26.870058 0.000268 0.000078
27.586228 0.000213 0.000070
28.319605 0.000159 0.000063
29.068884 0.000106 0.000057
29.832868 0.000053 0.000054
31.240999 0.000039 0.000040
30.479501 0.000078 0.000044
29.732137 0.000118 0.000050
29.000000 0.000157 0.000057
28.284271 0.000198 0.000065
27.586228 0.000239 0.000073
26.907248 0.000281 0.000082
26.248809 0.000323 0.000093
25.612497 0.000367 0.000104
25.000000 0.000411 0.000114
24.413111 0.000455 0.000125
23.853721 0.000500 0.000137
23.323808 0.000545 0.000148
22.825424 0.000590 0.000160
22.360680 0.000634 0.000171
21.931712 0.000676 0.000183
21.540659 0.000717 0.000193
21.189620 0.000756 0.000203
20.880613 0.000791 0.000213
20.615528 0.000822 0.000222
20.396078 0.000849 0.000228
20.223748 0.000870 0.000235
20.099751 0.000886 0.000238
20.024984 0.000895 0.000241
20.000000 0.000898 0.000242
20.024984 0.000894 0.000241
20.099751 0.000884 0.000238
20.223748 0.000867 0.000234
20.396078 0.000845 0.000228
20.615528 0.000817 0.000220
20.880613 0.000785 0.000212
21.189620 0.000749 0.000203
21.540659 0.000709 0.000191
21.931712 0.000667 0.000181
22.360680 0.000623 0.000169
22.825424 0.000578 0.000158
23.323808 0.000532 0.000145
23.853721 0.000486 0.000134
24.413111 0.000439 0.000122
25.000000 0.000393 0.000111
25.612497 0.000347 0.000100
26.248809 0.000302 0.000089
26.907248 0.000257 0.000079
27.586228 0.000213 0.000070
28.284271 0.000170 0.000061
29.000000 0.000127 0.000054
29.732137 0.000084 0.000047
30.479501 0.000042 0.000043
31.890437 0.000029 0.000031
31.144823 0.000058 0.000035
30.413813 0.000088 0.000042
29.698485 0.000118 0.000050
29.000000 0.000148 0.000058
28.319605 0.000179 0.000068
27.658633 0.000210 0.000077
27.018512 0.000241 0.000087
26.400758 0.000274 0.000097
25.806976 0.000306 0.000109
25.238859 0.000339 0.000120
24.698178 0.000372 0.000131
24.186773 0.000405 0.000142
23.706539 0.000438 0.000154
23.259407 0.000470 0.000164
22.847319 0.000502 0.000175
22.472205 0.000531 0.000185
22.135944 0.000559 0.000195
21.840330 0.000585 0.000203
21.587033 0.000608 0.000212
21.377558 0.000627 0.000219
21.213203 0.000642 0.000223
21.095023 0.000654 0.000227
21.023796 0.000660 0.000230
21.000000 0.000662 0.000231
21.023796 0.000660 0.000230
21.095023 0.000652 0.000227
21.213203 0.000640 0.000223
21.377558 0.000624 0.000218
21.587033 0.000604 0.000210
21.840330 0.000581 0.000203
22.135944 0.000554 0.000193
22.472205 0.000526 0.000183
22.847319 0.000495 0.000173
23.259407 0.000463 0.000162
23.706539 0.000430 0.000151
24.186773 0.000396 0.000139
24.698178 0.000362 0.000128
25.238859 0.000327 0.000116
25.806976 0.000293 0.000105
26.400758 0.000259 0.000094
27.018512 0.000225 0.000083
27.658633 0.000192 0.000073
28.319605 0.000159 0.000063
29.000000 0.000127 0.000054
29.698485 0.000095 0.000045
30.413813 0.000063 0.000038
31.144823 0.000032 0.000034
32.557641 0.000019 0.000021
31.827661 0.000039 0.000028
31.112698 0.000058 0.000035
30.413813 0.000078 0.000044
29.732137 0.000098 0.000053
29.068884 0.000119 0.000064
28.425341 0.000139 0.000073
27.802878 0.000160 0.000084
27.202941 0.000182 0.000093
26.627054 0.000203 0.000104
26.076810 0.000225 0.000115
25.553865 0.000247 0.000127
25.059928 0.000269 0.000138
24.596748 0.000290 0.000148
24.166092 0.000311 0.000159
23.769729 0.000332 0.000169
23.409400 0.000351 0.000179
23.086793 0.000370 0.000189
22.803509 0.000386 0.000197
22.561028 0.000401 0.000204
22.360680 0.000413 0.000211
22.203603 0.000423 0.000216
22.090722 0.000431 0.000220
22.022716 0.000435 0.000222
22.000000 0.000436 0.000223
22.022716 0.000435 0.000222
22.090722 0.000430 0.000219
22.203603 0.000422 0.000215
22.360680 0.000412 0.000210
22.561028 0.000399 0.000203
22.803509 0.000383 0.000196
23.086793 0.000366 0.000187
23.409400 0.000347 0.000177
23.769729 0.000327 0.000167
24.166092 0.000306 0.000156
24.596748 0.000285 0.000146
25.059928 0.000262 0.000135
25.553865 0.000240 0.000123
26.076810 0.000217 0.000112
26.627054 0.000194 0.000101
27.202941 0.000172 0.000090
27.802878 0.000150 0.000078
28.425341 0.000128 0.000068
29.068884 0.000106 0.000057
29.732137 0.000084 0.000047
30.413813 0.000063 0.000038
31.112698 0.000042 0.000030
31.827661 0.000021 0.000024
33.241540 0.000010 0.000014
32.526912 0.000019 0.000021
31.827661 0.000029 0.000031
31.144823 0.000039 0.000040
30.479501 0.000049 0.000050
29.832868 0.000059 0.000060
29.206164 0.000070 0.000071
28.600699 0.000080 0.000081
28.017851 0.000091 0.000092
27.459060 0.000101 0.000103
26.925824 0.000112 0.000113
26.419690 0.000123 0.000123
25.942244 0.000134 0.000134
25.495098 0.000145 0.000145
25.079872 0.000155 0.000156
24.698178 0.000165 0.000166
24.351591 0.000175 0.000176
24.041631 0.000184 0.000185
23.769729 0.000192 0.000193
23.537205 0.000199 0.000200
23.345235 0.000205 0.000207
23.194827 0.000210 0.000212
23.086793 0.000214 0.000215
23.021729 0.000216 0.000218
23.000000 0.000217 0.000218
23.021729 0.000216 0.000217
23.086793 0.000213 0.000215
23.194827 0.000210 0.000211
23.345235 0.000204 0.000206
23.537205 0.000198 0.000199
23.769729 0.000191 0.000192
24.041631 0.000182 0.000183
24.351591 0.000173 0.000174
24.698178 0.000163 0.000164
25.079872 0.000152 0.000153
25.495098 0.000142 0.000142
25.942244 0.000131 0.000131
26.419690 0.000119 0.000121
26.925824 0.000108 0.000110
27.459060 0.000097 0.000098
28.017851 0.000086 0.000087
28.600699 0.000075 0.000076
29.206164 0.000064 0.000065
29.832868 0.000053 0.000054
30.479501 0.000042 0.000043
31.144823 0.000032 0.000034
31.827661 0.000021 0.000024
32.526912 0.000010 0.000014
