1.000000000000000000e+00
1.050000000000000044e+00
1.100000000000000089e+00
1.150000000000000133e+00
1.200000000000000178e+00
1.250000000000000222e+00
1.300000000000000266e+00
1.350000000000000311e+00
1.400000000000000355e+00
1.450000000000000400e+00
1.500000000000000444e+00
1.550000000000000488e+00
1.600000000000000533e+00
1.650000000000000577e+00
1.700000000000000622e+00
1.750000000000000666e+00
1.800000000000000711e+00
1.850000000000000755e+00
1.900000000000000799e+00
1.950000000000000844e+00
