0 0 -0.000077
0 1 0.001408
0 2 0.002505
0 3 0.001996
0 4 0.000442
0 5 -0.000472
0 6 0.000183
0 7 0.001616
0 8 0.002345
0 9 0.002017
0 10 0.001821
0 11 0.002896
0 12 0.004657
0 13 0.005297
0 14 0.004024
0 15 0.002233
0 16 0.001989
0 17 0.003607
0 18 0.005281
0 19 0.005093
0 20 0.002840
0 21 -0.000310
0 22 -0.003463
0 23 -0.006711
0 24 -0.010094
0 25 -0.012336
0 26 -0.011257
0 27 -0.005931
0 28 0.001538
0 29 0.006874
0 30 0.006904
0 31 0.002381
0 32 -0.002489
0 33 -0.003608
0 34 -0.000470
0 35 0.003651
0 36 0.004868
0 37 0.002114
0 38 -0.002261
0 39 -0.004971
0 40 -0.004683
0 41 -0.002632
0 42 -0.000814
0 43 0.000045
0 44 0.000662
0 45 0.001702
0 46 0.002638
0 47 0.002408
0 48 0.000971
0 49 -0.000307
1 0 -0.002760
1 1 -0.001991
1 2 -0.000335
1 3 0.000468
1 4 0.000164
1 5 -0.000195
1 6 0.000094
1 7 0.000377
1 8 -0.000445
1 9 -0.002250
1 10 -0.003424
1 11 -0.002544
1 12 -0.000075
1 13 0.002061
1 14 0.002662
1 15 0.002509
1 16 0.003150
1 17 0.004769
1 18 0.005830
1 19 0.004824
1 20 0.001934
1 21 -0.001272
1 22 -0.003534
1 23 -0.004943
1 24 -0.006216
1 25 -0.007143
1 26 -0.006206
1 27 -0.002159
1 28 0.003950
1 29 0.008789
1 30 0.009351
1 31 0.005779
1 32 0.001468
1 33 0.000084
1 34 0.002277
1 35 0.005195
1 36 0.005196
1 37 0.001165
1 38 -0.004629
1 39 -0.008707
1 40 -0.009323
1 41 -0.007384
1 42 -0.004826
1 43 -0.002526
1 44 -0.000036
1 45 0.002871
1 46 0.005053
1 47 0.004870
1 48 0.002152
1 49 -0.001177
2 0 -0.004555
2 1 -0.004511
2 2 -0.002445
2 3 -0.000440
2 4 0.000470
2 5 0.000632
2 6 0.000484
2 7 -0.000390
2 8 -0.002596
2 9 -0.005602
2 10 -0.007663
2 11 -0.007380
2 12 -0.005155
2 13 -0.002714
2 14 -0.001225
2 15 -0.000268
2 16 0.001156
2 17 0.002998
2 18 0.004027
2 19 0.003287
2 20 0.001309
2 21 -0.000322
2 22 -0.000526
2 23 0.000252
2 24 0.000644
2 25 0.000035
2 26 -0.000493
2 27 0.000788
2 28 0.004129
2 29 0.007524
2 30 0.008438
2 31 0.006378
2 32 0.003515
2 33 0.002618
2 34 0.004334
2 35 0.006504
2 36 0.006157
2 37 0.002256
2 38 -0.003356
2 39 -0.007608
2 40 -0.008770
2 41 -0.007452
2 42 -0.005269
2 43 -0.002920
2 44 0.000065
2 45 0.003775
2 46 0.006711
2 47 0.006728
2 48 0.003307
2 49 -0.001474
3 0 -0.004749
3 1 -0.005009
3 2 -0.002784
3 3 -0.000253
3 4 0.001153
3 5 0.001414
3 6 0.000925
3 7 -0.000432
3 8 -0.002896
3 9 -0.005878
3 10 -0.007993
3 11 -0.008273
3 12 -0.007113
3 13 -0.005705
3 14 -0.004669
3 15 -0.003587
3 16 -0.001951
3 17 -0.000130
3 18 0.000940
3 19 0.000922
3 20 0.000624
3 21 0.001287
3 22 0.003357
3 23 0.005864
3 24 0.007068
3 25 0.006006
3 26 0.003571
3 27 0.001863
3 28 0.002201
3 29 0.003856
3 30 0.004944
3 31 0.004501
3 32 0.003455
3 33 0.003519
3 34 0.005254
3 35 0.007323
3 36 0.007623
3 37 0.005213
3 38 0.001205
3 39 -0.002209
3 40 -0.003638
3 41 -0.003394
3 42 -0.002556
3 43 -0.001421
3 44 0.000685
3 45 0.003962
3 46 0.006906
3 47 0.007163
3 48 0.003848
3 49 -0.001189
4 0 -0.003857
4 1 -0.003847
4 2 -0.001767
4 3 0.000397
4 4 0.001400
4 5 0.001386
4 6 0.000935
4 7 0.000131
4 8 -0.001210
4 9 -0.002810
4 10 -0.003970
4 11 -0.004368
4 12 -0.004432
4 13 -0.004676
4 14 -0.004920
4 15 -0.004536
4 16 -0.003420
4 17 -0.002271
4 18 -0.001710
4 19 -0.001407
4 20 -0.000322
4 21 0.002247
4 22 0.005904
4 23 0.009216
4 24 0.010481
4 25 0.008871
4 26 0.005233
4 27 0.001676
4 28 -0.000008
4 29 0.000342
4 30 0.001501
4 31 0.002309
4 32 0.002731
4 33 0.003558
4 34 0.005282
4 35 0.007360
4 36 0.008544
4 37 0.007942
4 38 0.005835
4 39 0.003422
4 40 0.001718
4 41 0.000757
4 42 0.000039
4 43 -0.000386
4 44 0.000278
4 45 0.002407
4 46 0.004807
4 47 0.005324
4 48 0.002909
4 49 -0.001062
5 0 -0.003086
5 1 -0.002441
5 2 -0.000814
5 3 0.000287
5 4 0.000331
5 5 0.000021
5 6 0.000139
5 7 0.000672
5 8 0.001181
5 9 0.001533
5 10 0.001857
5 11 0.001951
5 12 0.001308
5 13 -0.000105
5 14 -0.001492
5 15 -0.002066
5 16 -0.002040
5 17 -0.002308
5 18 -0.003091
5 19 -0.003355
5 20 -0.001822
5 21 0.001674
5 22 0.005944
5 23 0.009265
5 24 0.010284
5 25 0.008598
5 26 0.005017
5 27 0.001273
5 28 -0.000981
5 29 -0.001196
5 30 -0.000067
5 31 0.001289
5 32 0.002277
5 33 0.003098
5 34 0.004274
5 35 0.005935
5 36 0.007492
5 37 0.008024
5 38 0.007097
5 39 0.005168
5 40 0.003092
5 41 0.001304
5 42 -0.000287
5 43 -0.001603
5 44 -0.002023
5 45 -0.001096
5 46 0.000505
5 47 0.001220
5 48 0.000135
5 49 -0.001913
6 0 -0.003030
6 1 -0.001844
6 2 -0.000926
6 3 -0.001134
6 4 -0.002046
6 5 -0.002362
6 6 -0.001346
6 7 0.000540
6 8 0.002464
6 9 0.004155
6 10 0.005686
6 11 0.006700
6 12 0.006532
6 13 0.005169
6 14 0.003515
6 15 0.002307
6 16 0.001128
6 17 -0.000906
6 18 -0.003537
6 19 -0.005072
6 20 -0.003985
6 21 -0.000496
6 22 0.003639
6 23 0.006568
6 24 0.007365
6 25 0.006092
6 26 0.003500
6 27 0.000776
6 28 -0.000907
6 29 -0.001013
6 30 0.000048
6 31 0.001271
6 32 0.001854
6 33 0.001803
6 34 0.001845
6 35 0.002647
6 36 0.004002
6 37 0.004855
6 38 0.004263
6 39 0.002327
6 40 0.000023
6 41 -0.001833
6 42 -0.003190
6 43 -0.004299
6 44 -0.005009
6 45 -0.004920
6 46 -0.004144
6 47 -0.003441
6 48 -0.003363
6 49 -0.003509
7 0 -0.003163
7 1 -0.001915
7 2 -0.001796
7 3 -0.003041
7 4 -0.004446
7 5 -0.004415
7 6 -0.002609
7 7 -0.000146
7 8 0.001868
7 9 0.003484
7 10 0.005296
7 11 0.007161
7 12 0.008177
7 13 0.007912
7 14 0.006929
7 15 0.005757
7 16 0.003901
7 17 0.000613
7 18 -0.003469
7 19 -0.006230
7 20 -0.005973
7 21 -0.003085
7 22 0.000425
7 23 0.002717
7 24 0.003212
7 25 0.002332
7 26 0.000829
7 27 -0.000522
7 28 -0.001041
7 29 -0.000457
7 30 0.000769
7 31 0.001617
7 32 0.001266
7 33 -0.000124
7 34 -0.001429
7 35 -0.001543
7 36 -0.000517
7 37 0.000371
7 38 -0.000160
7 39 -0.002099
7 40 -0.004235
7 41 -0.005475
7 42 -0.005829
7 43 -0.005996
7 44 -0.006335
7 45 -0.006582
7 46 -0.006442
7 47 -0.006006
7 48 -0.005426
7 49 -0.004523
8 0 -0.002716
8 1 -0.001860
8 2 -0.002294
8 3 -0.003886
8 4 -0.005122
8 5 -0.004546
8 6 -0.002416
8 7 -0.000425
8 8 0.000322
8 9 0.000521
8 10 0.001562
8 11 0.003648
8 12 0.005631
8 13 0.006555
8 14 0.006573
8 15 0.006066
8 16 0.004573
8 17 0.001417
8 18 -0.002743
8 19 -0.005819
8 20 -0.006148
8 21 -0.004104
8 22 -0.001612
8 23 -0.000338
8 24 -0.000594
8 25 -0.001672
8 26 -0.002676
8 27 -0.002939
8 28 -0.002111
8 29 -0.000327
8 30 0.001583
8 31 0.002365
8 32 0.001221
8 33 -0.001368
8 34 -0.003779
8 35 -0.004529
8 36 -0.003613
8 37 -0.002514
8 38 -0.002735
8 39 -0.004312
8 40 -0.005922
8 41 -0.006391
8 42 -0.005806
8 43 -0.005096
8 44 -0.004871
8 45 -0.004997
8 46 -0.005102
8 47 -0.005038
8 48 -0.004716
8 49 -0.003923
9 0 -0.001751
9 1 -0.001292
9 2 -0.001673
9 3 -0.002787
9 4 -0.003333
9 5 -0.002285
9 6 -0.000394
9 7 0.000428
9 8 -0.000657
9 9 -0.002323
9 10 -0.002610
9 11 -0.001123
9 12 0.000821
9 13 0.002016
9 14 0.002541
9 15 0.002897
9 16 0.002735
9 17 0.001257
9 18 -0.001303
9 19 -0.003387
9 20 -0.003636
9 21 -0.002342
9 22 -0.001104
9 23 -0.001246
9 24 -0.002798
9 25 -0.004766
9 26 -0.005978
9 27 -0.005652
9 28 -0.003614
9 29 -0.000438
9 30 0.002547
9 31 0.003765
9 32 0.002409
9 33 -0.000764
9 34 -0.003770
9 35 -0.004856
9 36 -0.003919
9 37 -0.002462
9 38 -0.002071
9 39 -0.002924
9 40 -0.003893
9 41 -0.003960
9 42 -0.003198
9 43 -0.002349
9 44 -0.001849
9 45 -0.001613
9 46 -0.001545
9 47 -0.001744
9 48 -0.002121
9 49 -0.002209
10 0 -0.001147
10 1 -0.000598
10 2 -0.000231
10 3 -0.000314
10 4 -0.000071
10 5 0.001094
10 6 0.002313
10 7 0.001912
10 8 -0.000532
10 9 -0.003396
10 10 -0.004695
10 11 -0.004187
10 12 -0.003259
10 13 -0.002948
10 14 -0.002812
10 15 -0.001972
10 16 -0.000606
10 17 0.000250
10 18 0.000177
10 19 -0.000058
10 20 0.000407
10 21 0.001302
10 22 0.001411
10 23 -0.000158
10 24 -0.003099
10 25 -0.006127
10 26 -0.007811
10 27 -0.007265
10 28 -0.004470
10 29 -0.000339
10 30 0.003489
10 31 0.005301
10 32 0.004299
10 33 0.001263
10 34 -0.001824
10 35 -0.003155
10 36 -0.002409
10 37 -0.000792
10 38 0.000243
10 39 0.000280
10 40 -0.000067
10 41 -0.000180
10 42 -0.000065
10 43 0.000057
10 44 0.000287
10 45 0.000790
10 46 0.001232
10 47 0.000977
10 48 -0.000042
10 49 -0.001019
11 0 -0.001582
11 1 -0.000402
11 2 0.001036
11 3 0.001972
11 4 0.002658
11 5 0.003491
11 6 0.003887
11 7 0.002742
11 8 0.000032
11 9 -0.002729
11 10 -0.004062
11 11 -0.004155
11 12 -0.004396
11 13 -0.005408
11 14 -0.006212
11 15 -0.005529
11 16 -0.003377
11 17 -0.000936
11 18 0.000903
11 19 0.002271
11 20 0.003549
11 21 0.004376
11 22 0.003795
11 23 0.001300
11 24 -0.002452
11 25 -0.005946
11 26 -0.007696
11 27 -0.006972
11 28 -0.004014
11 29 0.000123
11 30 0.003930
11 31 0.005968
11 32 0.005537
11 33 0.003139
11 34 0.000291
11 35 -0.001408
11 36 -0.001316
11 37 -0.000018
11 38 0.001408
11 39 0.002306
11 40 0.002598
11 41 0.002318
11 42 0.001476
11 43 0.000436
11 44 -0.000039
11 45 0.000427
11 46 0.001163
11 47 0.001038
11 48 -0.000200
11 49 -0.001490
12 0 -0.002711
12 1 -0.000887
12 2 0.001250
12 3 0.002635
12 4 0.003250
12 5 0.003541
12 6 0.003380
12 7 0.002242
12 8 0.000319
12 9 -0.001264
12 10 -0.001725
12 11 -0.001689
12 12 -0.002443
12 13 -0.004206
12 14 -0.005685
12 15 -0.005498
12 16 -0.003633
12 17 -0.001207
12 18 0.000890
12 19 0.002629
12 20 0.004141
12 21 0.004910
12 22 0.004042
12 23 0.001297
12 24 -0.002365
12 25 -0.005310
12 26 -0.006288
12 27 -0.005073
12 28 -0.002329
12 29 0.000934
12 30 0.003776
12 31 0.005449
12 32 0.005471
12 33 0.003858
12 34 0.001333
12 35 -0.000904
12 36 -0.001863
12 37 -0.001350
12 38 0.000081
12 39 0.001622
12 40 0.002536
12 41 0.002264
12 42 0.000733
12 43 -0.001273
12 44 -0.002461
12 45 -0.002207
12 46 -0.001292
12 47 -0.001109
12 48 -0.002067
12 49 -0.003062
13 0 -0.003323
13 1 -0.001610
13 2 0.000208
13 3 0.001162
13 4 0.001317
13 5 0.001285
13 6 0.001241
13 7 0.000905
13 8 0.000354
13 9 0.000205
13 10 0.000715
13 11 0.001155
13 12 0.000560
13 13 -0.000985
13 14 -0.002279
13 15 -0.002313
13 16 -0.001292
13 17 -0.000143
13 18 0.000679
13 19 0.001478
13 20 0.002430
13 21 0.002878
13 22 0.001857
13 23 -0.000714
13 24 -0.003618
13 25 -0.005198
13 26 -0.004646
13 27 -0.002485
13 28 0.000074
13 29 0.002143
13 30 0.003557
13 31 0.004447
13 32 0.004633
13 33 0.003647
13 34 0.001392
13 35 -0.001371
13 36 -0.003376
13 37 -0.003756
13 38 -0.002597
13 39 -0.000774
13 40 0.000537
13 41 0.000387
13 42 -0.001379
13 43 -0.003777
13 44 -0.005248
13 45 -0.004995
13 46 -0.003762
13 47 -0.003021
13 48 -0.003352
13 49 -0.003864
14 0 -0.002324
14 1 -0.001841
14 2 -0.001528
14 3 -0.001852
14 4 -0.002375
14 5 -0.002304
14 6 -0.001467
14 7 -0.000389
14 8 0.000498
14 9 0.001248
14 10 0.001927
14 11 0.002186
14 12 0.001716
14 13 0.000895
14 14 0.000546
14 15 0.000940
14 16 0.001401
14 17 0.001148
14 18 0.000316
14 19 -0.000226
14 20 -0.000095
14 21 -0.000058
14 22 -0.001208
14 23 -0.003522
14 24 -0.005536
14 25 -0.005569
14 26 -0.003274
14 27 0.000058
14 28 0.002657
14 29 0.003711
14 30 0.003734
14 31 0.003642
14 32 0.003599
14 33 0.002872
14 34 0.000825
14 35 -0.002102
14 36 -0.004545
14 37 -0.005328
14 38 -0.004348
14 39 -0.002539
14 40 -0.001234
14 41 -0.001444
14 42 -0.003245
14 43 -0.005552
14 44 -0.006757
14 45 -0.006036
14 46 -0.004106
14 47 -0.002500
14 48 -0.002070
14 49 -0.002332
15 0 0.000287
15 1 -0.001084
15 2 -0.002886
15 3 -0.004918
15 4 -0.006241
15 5 -0.005865
15 6 -0.003809
15 7 -0.001177
15 8 0.000809
15 9 0.001618
15 10 0.001371
15 11 0.000459
15 12 -0.000531
15 13 -0.000845
15 14 -0.000070
15 15 0.001255
15 16 0.001879
15 17 0.001048
15 18 -0.000628
15 19 -0.001790
15 20 -0.001884
15 21 -0.001839
15 22 -0.002924
15 23 -0.005052
15 24 -0.006496
15 25 -0.005466
15 26 -0.001903
15 27 0.002336
15 28 0.005019
15 29 0.005298
15 30 0.004070
15 31 0.002784
15 32 0.001987
15 33 0.001045
15 34 -0.000776
15 35 -0.003190
15 36 -0.004986
15 37 -0.005173
15 38 -0.003851
15 39 -0.002083
15 40 -0.001137
15 41 -0.001768
15 42 -0.003765
15 43 -0.005896
15 44 -0.006585
15 45 -0.005092
15 46 -0.002195
15 47 0.000434
15 48 0.001594
15 49 0.001311
16 0 0.003217
16 1 0.000514
16 2 -0.002850
16 3 -0.006234
16 4 -0.008290
16 5 -0.007794
16 6 -0.004885
16 7 -0.001221
16 8 0.001207
16 9 0.001373
16 10 -0.000433
16 11 -0.003052
16 12 -0.005043
16 13 -0.005287
16 14 -0.003661
16 15 -0.001333
16 16 -0.000025
16 17 -0.000539
16 18 -0.001970
16 19 -0.002658
16 20 -0.002030
16 21 -0.001271
16 22 -0.001931
16 23 -0.003938
16 24 -0.005326
16 25 -0.004069
16 26 -0.000127
16 27 0.004377
16 28 0.006906
16 29 0.006445
16 30 0.003956
16 31 0.001176
16 32 -0.000905
16 33 -0.002456
16 34 -0.003927
16 35 -0.005094
16 36 -0.005177
16 37 -0.003795
16 38 -0.001551
16 39 0.000327
16 40 0.000778
16 41 -0.000527
16 42 -0.002969
16 43 -0.005127
16 44 -0.005467
16 45 -0.003377
16 46 0.000263
16 47 0.003645
16 48 0.005315
16 49 0.004990
17 0 0.004681
17 1 0.002122
17 2 -0.001212
17 3 -0.004762
17 4 -0.007081
17 5 -0.006727
17 6 -0.003764
17 7 -0.000086
17 8 0.001923
17 9 0.001041
17 10 -0.002215
17 11 -0.006162
17 12 -0.008880
17 13 -0.009095
17 14 -0.006884
17 15 -0.003781
17 16 -0.001793
17 17 -0.001764
17 18 -0.002605
17 19 -0.002443
17 20 -0.000708
17 21 0.001123
17 22 0.001128
17 23 -0.000796
17 24 -0.002535
17 25 -0.001762
17 26 0.001790
17 27 0.006007
17 28 0.008161
17 29 0.006966
17 30 0.003217
17 31 -0.001199
17 32 -0.004772
17 33 -0.006999
17 34 -0.007900
17 35 -0.007375
17 36 -0.005295
17 37 -0.002075
17 38 0.001161
17 39 0.003139
17 40 0.003119
17 41 0.001216
17 42 -0.001616
17 43 -0.003868
17 44 -0.004128
17 45 -0.001961
17 46 0.001672
17 47 0.004995
17 48 0.006624
17 49 0.006332
18 0 0.003676
18 1 0.002650
18 2 0.001027
18 3 -0.001234
18 4 -0.002970
18 5 -0.002685
18 6 -0.000280
18 7 0.002466
18 8 0.003297
18 9 0.001251
18 10 -0.002841
18 11 -0.007120
18 12 -0.009713
18 13 -0.009514
18 14 -0.006765
18 15 -0.003161
18 16 -0.000876
18 17 -0.000826
18 18 -0.001782
18 19 -0.001570
18 20 0.000586
18 21 0.003096
18 22 0.003656
18 23 0.001823
18 24 -0.000336
18 25 -0.000225
18 26 0.002771
18 27 0.006699
18 28 0.008674
18 29 0.007042
18 30 0.002330
18 31 -0.003440
18 32 -0.008192
18 33 -0.010744
18 34 -0.010820
18 35 -0.008641
18 36 -0.004817
18 37 -0.000444
18 38 0.003123
18 39 0.004838
18 40 0.004403
18 41 0.002300
18 42 -0.000398
18 43 -0.002338
18 44 -0.002446
18 45 -0.000599
18 46 0.002175
18 47 0.004354
18 48 0.005053
18 49 0.004557
19 0 0.000730
19 1 0.001517
19 2 0.002252
19 3 0.002106
19 4 0.001717
19 5 0.002381
19 6 0.004226
19 7 0.005720
19 8 0.005130
19 9 0.002138
19 10 -0.002044
19 11 -0.005701
19 12 -0.007445
19 13 -0.006551
19 14 -0.003342
19 15 0.000503
19 16 0.002663
19 17 0.002001
19 18 -0.000216
19 19 -0.001373
19 20 -0.000141
19 21 0.002128
19 22 0.002886
19 23 0.001224
19 24 -0.001048
19 25 -0.001199
19 26 0.001732
19 27 0.005969
19 28 0.008419
19 29 0.006981
19 30 0.001902
19 31 -0.004600
19 32 -0.009860
19 33 -0.012179
19 34 -0.011266
19 35 -0.007873
19 36 -0.003292
19 37 0.001036
19 38 0.003930
19 39 0.004854
19 40 0.004016
19 41 0.002153
19 42 0.000270
19 43 -0.000656
19 44 -0.000110
19 45 0.001538
19 46 0.003104
19 47 0.003416
19 48 0.002351
19 49 0.001031
20 0 -0.002465
20 1 -0.000793
20 2 0.001545
20 3 0.003189
20 4 0.004297
20 5 0.005770
20 6 0.007510
20 7 0.008139
20 8 0.006552
20 9 0.003197
20 10 -0.000404
20 11 -0.002937
20 12 -0.003731
20 13 -0.002432
20 14 0.000796
20 15 0.004532
20 16 0.006340
20 17 0.004670
20 18 0.000610
20 19 -0.002822
20 20 -0.003508
20 21 -0.002235
20 22 -0.001582
20 23 -0.002936
20 24 -0.004905
20 25 -0.004756
20 26 -0.001243
20 27 0.003998
20 28 0.007603
20 29 0.006980
20 30 0.002125
20 31 -0.004483
20 32 -0.009624
20 33 -0.011279
20 34 -0.009400
20 35 -0.005363
20 36 -0.000954
20 37 0.002387
20 38 0.003926
20 39 0.003703
20 40 0.002348
20 41 0.000774
20 42 -0.000099
20 43 0.000353
20 44 0.002076
20 45 0.004104
20 46 0.004948
20 47 0.003633
20 48 0.000696
20 49 -0.001939
21 0 -0.004231
21 1 -0.002980
21 2 -0.000529
21 3 0.001741
21 4 0.003771
21 5 0.006038
21 6 0.008048
21 7 0.008436
21 8 0.006622
21 9 0.003671
21 10 0.001189
21 11 -0.000124
21 12 -0.000368
21 13 0.000596
21 14 0.003077
21 15 0.006241
21 16 0.007718
21 17 0.005470
21 18 0.000125
21 19 -0.005176
21 20 -0.007644
21 21 -0.007386
21 22 -0.006838
21 23 -0.007778
21 24 -0.009272
21 25 -0.008672
21 26 -0.004487
21 27 0.001810
21 28 0.006645
21 29 0.007003
21 30 0.002674
21 31 -0.003631
21 32 -0.008282
21 33 -0.009133
21 34 -0.006486
21 35 -0.002244
21 36 0.001568
21 37 0.003723
21 38 0.003918
21 39 0.002536
21 40 0.000390
21 41 -0.001476
21 42 -0.002025
21 43 -0.000664
21 44 0.002253
21 45 0.005272
21 46 0.006474
21 47 0.004756
21 48 0.000876
21 49 -0.002843
22 0 -0.003946
22 1 -0.003902
22 2 -0.002527
22 3 -0.000791
22 4 0.001293
22 5 0.003859
22 6 0.006041
22 7 0.006478
22 8 0.005003
22 9 0.003043
22 10 0.002020
22 11 0.001886
22 12 0.001799
22 13 0.001805
22 14 0.002883
22 15 0.005078
22 16 0.006401
22 17 0.004479
22 18 -0.000715
22 19 -0.006373
22 20 -0.009448
22 21 -0.009519
22 22 -0.008775
22 23 -0.009246
22 24 -0.010428
22 25 -0.009837
22 26 -0.005761
22 27 0.000632
22 28 0.005845
22 29 0.006718
22 30 0.002916
22 31 -0.002804
22 32 -0.006728
22 33 -0.006825
22 34 -0.003718
22 35 0.000442
22 36 0.003695
22 37 0.005099
22 38 0.004536
22 39 0.002315
22 40 -0.000886
22 41 -0.003908
22 42 -0.005326
22 43 -0.004144
22 44 -0.000601
22 45 0.003621
22 46 0.006180
22 47 0.005554
22 48 0.002198
22 49 -0.001708
23 0 -0.002260
23 1 -0.003459
23 2 -0.003491
23 3 -0.002764
23 4 -0.001185
23 5 0.001104
23 6 0.003002
23 7 0.003299
23 8 0.002218
23 9 0.001378
23 10 0.001858
23 11 0.002869
23 12 0.002904
23 13 0.001905
23 14 0.001450
23 15 0.002547
23 16 0.003913
23 17 0.003144
23 18 -0.000468
23 19 -0.004862
23 20 -0.007225
23 21 -0.006838
23 22 -0.005557
23 23 -0.005498
23 24 -0.006596
23 25 -0.006693
23 26 -0.003958
23 27 0.000947
23 28 0.005090
23 29 0.005645
23 30 0.002294
23 31 -0.002472
23 32 -0.005370
23 33 -0.004816
23 34 -0.001667
23 35 0.002060
23 36 0.004831
23 37 0.006042
23 38 0.005487
23 39 0.003010
23 40 -0.001119
23 41 -0.005681
23 42 -0.008720
23 43 -0.008591
23 44 -0.005123
23 45 0.000028
23 46 0.004236
23 47 0.005495
23 48 0.003670
23 49 0.000415
24 0 -0.000493
24 1 -0.002591
24 2 -0.003648
24 3 -0.003622
24 4 -0.002453
24 5 -0.000616
24 6 0.000661
24 7 0.000467
24 8 -0.000534
24 9 -0.000589
24 10 0.001078
24 11 0.003116
24 12 0.003503
24 13 0.001972
24 14 0.000397
24 15 0.000578
24 16 0.002092
24 17 0.002816
24 18 0.001463
24 19 -0.000883
24 20 -0.001981
24 21 -0.000926
24 22 0.000920
24 23 0.001550
24 24 0.000551
24 25 -0.000529
24 26 0.000026
24 27 0.002171
24 28 0.004012
24 29 0.003584
24 30 0.000756
24 31 -0.002560
24 32 -0.004072
24 33 -0.003005
24 34 -0.000381
24 35 0.002311
24 36 0.004338
24 37 0.005566
24 38 0.005585
24 39 0.003569
24 40 -0.000783
24 41 -0.006307
24 42 -0.010617
24 43 -0.011501
24 44 -0.008402
24 45 -0.002839
24 46 0.002481
24 47 0.005259
24 48 0.004857
24 49 0.002366
25 0 0.000277
25 1 -0.002426
25 2 -0.003913
25 3 -0.003875
25 4 -0.002489
25 5 -0.000696
25 6 0.000111
25 7 -0.000675
25 8 -0.001963
25 9 -0.001830
25 10 0.000372
25 11 0.003059
25 12 0.003926
25 13 0.002412
25 14 0.000327
25 15 -0.000075
25 16 0.001592
25 17 0.003664
25 18 0.004421
25 19 0.003922
25 20 0.003717
25 21 0.004913
25 22 0.006867
25 23 0.007926
25 24 0.007225
25 25 0.005465
25 26 0.003945
25 27 0.003140
25 28 0.002390
25 29 0.000895
25 30 -0.001158
25 31 -0.002605
25 32 -0.002487
25 33 -0.001082
25 34 0.000454
25 35 0.001410
25 36 0.002137
25 37 0.003145
25 38 0.003891
25 39 0.002892
25 40 -0.000750
25 41 -0.006044
25 42 -0.010417
25 43 -0.011430
25 44 -0.008418
25 45 -0.002860
25 46 0.002614
25 47 0.005754
25 48 0.005777
25 49 0.003448
26 0 -0.000121
26 1 -0.003325
26 2 -0.004873
26 3 -0.004263
26 4 -0.001964
26 5 0.000516
26 6 0.001452
26 7 0.000346
26 8 -0.001424
26 9 -0.001746
26 10 0.000146
26 11 0.002803
26 12 0.003926
26 13 0.002669
26 14 0.000504
26 15 -0.000207
26 16 0.001542
26 17 0.004590
26 18 0.006930
26 19 0.007684
26 20 0.007695
26 21 0.008263
26 22 0.009590
26 23 0.010624
26 24 0.010266
26 25 0.008387
26 26 0.005683
26 27 0.002867
26 28 0.000285
26 29 -0.001790
26 30 -0.002822
26 31 -0.002317
26 32 -0.000586
26 33 0.001058
26 34 0.001305
26 35 0.000210
26 36 -0.000765
26 37 -0.000371
26 38 0.000858
26 39 0.000953
26 40 -0.001471
26 41 -0.005607
26 42 -0.008887
26 43 -0.008975
26 44 -0.005471
26 45 -0.000043
26 46 0.004799
26 47 0.007160
26 48 0.006525
26 49 0.003637
27 0 -0.000857
27 1 -0.004566
27 2 -0.006235
27 3 -0.005062
27 4 -0.001617
27 5 0.002096
27 6 0.003853
27 7 0.002929
27 8 0.000713
27 9 -0.000538
27 10 0.000268
27 11 0.002139
27 12 0.003055
27 13 0.001959
27 14 -0.000159
27 15 -0.001109
27 16 0.000510
27 17 0.004035
27 18 0.007386
27 19 0.008965
27 20 0.008913
27 21 0.008532
27 22 0.008715
27 23 0.009137
27 24 0.008839
27 25 0.007228
27 26 0.004446
27 27 0.001102
27 28 -0.002013
27 29 -0.004000
27 30 -0.004043
27 31 -0.001991
27 32 0.001044
27 33 0.002999
27 34 0.002358
27 35 -0.000348
27 36 -0.002826
27 37 -0.003187
27 38 -0.001852
27 39 -0.001075
27 40 -0.002519
27 41 -0.005422
27 42 -0.007216
27 43 -0.005826
27 44 -0.001391
27 45 0.003990
27 46 0.007881
27 47 0.008933
27 48 0.007182
27 49 0.003515
28 0 -0.000759
28 1 -0.004884
28 2 -0.007065
28 3 -0.005983
28 4 -0.001884
28 5 0.003044
28 6 0.006038
28 7 0.005819
28 8 0.003435
28 9 0.001149
28 10 0.000479
28 11 0.001112
28 12 0.001486
28 13 0.000418
28 14 -0.001673
28 15 -0.003001
28 16 -0.001991
28 17 0.001226
28 18 0.004846
28 19 0.006957
28 20 0.007075
28 21 0.006146
28 22 0.005294
28 23 0.004810
28 24 0.004235
28 25 0.003053
28 26 0.001100
28 27 -0.001402
28 28 -0.003869
28 29 -0.005357
28 30 -0.004874
28 31 -0.002161
28 32 0.001558
28 33 0.003919
28 34 0.003162
28 35 -0.000126
28 36 -0.003289
28 37 -0.004063
28 38 -0.002772
28 39 -0.001815
28 40 -0.002927
28 41 -0.005190
28 42 -0.005892
28 43 -0.003199
28 44 0.002121
28 45 0.007433
28 46 0.010364
28 47 0.010218
28 48 0.007689
28 49 0.003768
29 0 0.000634
29 1 -0.003518
29 2 -0.006561
29 3 -0.006480
29 4 -0.002719
29 5 0.002824
29 6 0.007024
29 7 0.007869
29 8 0.005750
29 9 0.002736
29 10 0.000757
29 11 0.000251
29 12 0.000197
29 13 -0.000695
29 14 -0.002654
29 15 -0.004519
29 16 -0.004759
29 17 -0.002930
29 18 -0.000121
29 19 0.002013
29 20 0.002594
29 21 0.001896
29 22 0.000698
29 23 -0.000430
29 24 -0.001275
29 25 -0.001846
29 26 -0.002339
29 27 -0.003091
29 28 -0.004230
29 29 -0.005246
29 30 -0.005048
29 31 -0.002866
29 32 0.000605
29 33 0.003177
29 34 0.002884
29 35 0.000037
29 36 -0.002792
29 37 -0.003279
29 38 -0.001771
29 39 -0.000776
29 40 -0.001997
29 41 -0.004243
29 42 -0.004556
29 43 -0.001272
29 44 0.004297
29 45 0.009100
29 46 0.010980
29 47 0.010002
29 48 0.007509
29 49 0.004390
30 0 0.002511
30 1 -0.000919
30 2 -0.004684
30 3 -0.006120
30 4 -0.003602
30 5 0.001700
30 6 0.006629
30 7 0.008515
30 8 0.006965
30 9 0.003702
30 10 0.000963
30 11 -0.000119
30 12 -0.000065
30 13 -0.000290
30 14 -0.001721
30 15 -0.003974
30 16 -0.005781
30 17 -0.006168
30 18 -0.005214
30 19 -0.003794
30 20 -0.002814
30 21 -0.002744
30 22 -0.003551
30 23 -0.004747
30 24 -0.005521
30 25 -0.005209
30 26 -0.003902
30 27 -0.002550
30 28 -0.002235
30 29 -0.003113
30 30 -0.004046
30 31 -0.003534
30 32 -0.001346
30 33 0.000865
30 34 0.001072
30 35 -0.000815
30 36 -0.002580
30 37 -0.002110
30 38 0.000085
30 39 0.001362
30 40 0.000062
30 41 -0.002378
30 42 -0.002832
30 43 0.000197
30 44 0.005022
30 45 0.008490
30 46 0.008954
30 47 0.007370
30 48 0.005664
30 49 0.004415
31 0 0.003433
31 1 0.001586
31 2 -0.002138
31 3 -0.004767
31 4 -0.003771
31 5 0.000560
31 6 0.005398
31 7 0.007749
31 8 0.006615
31 9 0.003369
31 10 0.000426
31 11 -0.000581
31 12 0.000175
31 13 0.001146
31 14 0.000797
31 15 -0.001234
31 16 -0.004082
31 17 -0.006481
31 18 -0.007596
31 19 -0.007352
31 20 -0.006366
31 21 -0.005620
31 22 -0.005833
31 23 -0.006775
31 24 -0.007233
31 25 -0.005968
31 26 -0.002962
31 27 0.000274
31 28 0.001754
31 29 0.000653
31 30 -0.001885
31 31 -0.003654
31 32 -0.003434
31 33 -0.002175
31 34 -0.001793
31 35 -0.002727
31 36 -0.003233
31 37 -0.001573
31 38 0.001497
31 39 0.003243
31 40 0.002093
31 41 -0.000381
31 42 -0.001101
31 43 0.001147
31 44 0.004450
31 45 0.005882
31 46 0.004562
31 47 0.002369
31 48 0.001707
31 49 0.002790
32 0 0.002732
32 1 0.002937
32 2 0.000267
32 3 -0.002552
32 4 -0.002669
32 5 0.000292
32 6 0.004084
32 7 0.005900
32 8 0.004579
32 9 0.001303
32 10 -0.001498
32 11 -0.002027
32 12 -0.000349
32 13 0.001895
32 14 0.002885
32 15 0.001846
32 16 -0.000747
32 17 -0.003728
32 18 -0.005911
32 19 -0.006607
32 20 -0.006023
32 21 -0.005225
32 22 -0.005300
32 23 -0.006203
32 24 -0.006519
32 25 -0.004684
32 26 -0.000623
32 27 0.003777
32 28 0.005909
32 29 0.004450
32 30 0.000482
32 31 -0.003324
32 32 -0.004983
32 33 -0.004796
32 34 -0.004469
32 35 -0.004696
32 36 -0.004229
32 37 -0.001779
32 38 0.001706
32 39 0.003604
32 40 0.002598
32 41 0.000346
32 42 -0.000359
32 43 0.001241
32 44 0.003059
32 45 0.002554
32 46 -0.000398
32 47 -0.003214
32 48 -0.003178
32 49 -0.000263
33 0 0.001226
33 1 0.003180
33 2 0.002189
33 3 0.000198
33 4 -0.000359
33 5 0.001133
33 6 0.003132
33 7 0.003514
33 8 0.001467
33 9 -0.001846
33 10 -0.004227
33 11 -0.004163
33 12 -0.001903
33 13 0.000953
33 14 0.002822
33 15 0.003094
33 16 0.002051
33 17 0.000342
33 18 -0.001300
33 19 -0.002223
33 20 -0.002298
33 21 -0.002198
33 22 -0.002817
33 23 -0.004098
33 24 -0.004651
33 25 -0.002895
33 26 0.001261
33 27 0.005862
33 28 0.008121
33 29 0.006471
33 30 0.001849
33 31 -0.002977
33 32 -0.005663
33 33 -0.006081
33 34 -0.005733
33 35 -0.005502
33 36 -0.004623
33 37 -0.002239
33 38 0.000671
33 39 0.001918
33 40 0.000726
33 41 -0.001124
33 42 -0.001274
33 43 0.000445
33 44 0.001756
33 45 0.000423
33 46 -0.003248
33 47 -0.006456
33 48 -0.006421
33 49 -0.002979
34 0 0.000398
34 1 0.003143
34 2 0.003705
34 3 0.002952
34 4 0.002381
34 5 0.002502
34 6 0.002506
34 7 0.001280
34 8 -0.001341
34 9 -0.004212
34 10 -0.005713
34 11 -0.005077
34 12 -0.002967
34 13 -0.000723
34 14 0.000882
34 15 0.002004
34 16 0.002979
34 17 0.003647
34 18 0.003622
34 19 0.002938
34 20 0.001982
34 21 0.000878
34 22 -0.000602
34 23 -0.002292
34 24 -0.003132
34 25 -0.001870
34 26 0.001578
34 27 0.005550
34 28 0.007556
34 29 0.006067
34 30 0.001785
34 31 -0.002800
34 32 -0.005414
34 33 -0.005767
34 34 -0.005195
34 35 -0.004709
34 36 -0.003971
34 37 -0.002493
34 38 -0.001105
34 39 -0.001274
34 40 -0.003013
34 41 -0.004357
34 42 -0.003432
34 43 -0.000671
34 44 0.001458
34 45 0.000851
34 46 -0.002228
34 47 -0.005350
34 48 -0.005957
34 49 -0.003456
35 0 0.000856
35 1 0.003365
35 2 0.004814
35 3 0.005011
35 4 0.004430
35 5 0.003409
35 6 0.001881
35 7 -0.000214
35 8 -0.002434
35 9 -0.003886
35 10 -0.003910
35 11 -0.002799
35 12 -0.001656
35 13 -0.001282
35 14 -0.001210
35 15 -0.000171
35 16 0.002343
35 17 0.005227
35 18 0.006711
35 19 0.006019
35 20 0.003860
35 21 0.001428
35 22 -0.000633
35 23 -0.002145
35 24 -0.002744
35 25 -0.001848
35 26 0.000592
35 27 0.003502
35 28 0.005080
35 29 0.004061
35 30 0.000850
35 31 -0.002621
35 32 -0.004464
35 33 -0.004383
35 34 -0.003531
35 35 -0.002935
35 36 -0.002600
35 37 -0.002349
35 38 -0.002784
35 39 -0.004578
35 40 -0.006950
35 41 -0.007771
35 42 -0.005628
35 43 -0.001431
35 44 0.002276
35 45 0.003442
35 46 0.001937
35 47 -0.000618
35 48 -0.002134
35 49 -0.001480
36 0 0.001723
36 1 0.003485
36 2 0.005167
36 3 0.005743
36 4 0.004937
36 5 0.003094
36 6 0.000883
36 7 -0.000882
36 8 -0.001454
36 9 -0.000540
36 10 0.001284
36 11 0.002614
36 12 0.002111
36 13 -0.000177
36 14 -0.002369
36 15 -0.002124
36 16 0.001113
36 17 0.005275
36 18 0.007345
36 19 0.005959
36 20 0.002332
36 21 -0.001198
36 22 -0.003187
36 23 -0.003662
36 24 -0.003241
36 25 -0.002225
36 26 -0.000631
36 27 0.001195
36 28 0.002336
36 29 0.001906
36 30 -0.000019
36 31 -0.002200
36 32 -0.003247
36 33 -0.002860
36 34 -0.001880
36 35 -0.001202
36 36 -0.001095
36 37 -0.001702
36 38 -0.003496
36 39 -0.006508
36 40 -0.009350
36 41 -0.009836
36 42 -0.006935
36 43 -0.001800
36 44 0.003188
36 45 0.006115
36 46 0.006383
36 47 0.004646
36 48 0.002384
36 49 0.001169
37 0 0.001589
37 1 0.002711
37 2 0.004370
37 3 0.004962
37 4 0.003798
37 5 0.001430
37 6 -0.000779
37 7 -0.001376
37 8 0.000392
37 9 0.003982
37 10 0.007524
37 11 0.008680
37 12 0.006188
37 13 0.001164
37 14 -0.003182
37 15 -0.003770
37 16 -0.000273
37 17 0.004335
37 18 0.006167
37 19 0.003677
37 20 -0.001273
37 21 -0.005370
37 22 -0.006648
37 23 -0.005529
37 24 -0.003651
37 25 -0.002164
37 26 -0.001139
37 27 -0.000215
37 28 0.000556
37 29 0.000656
37 30 -0.000173
37 31 -0.001397
37 32 -0.002083
37 33 -0.001805
37 34 -0.000928
37 35 -0.000075
37 36 0.000266
37 37 -0.000440
37 38 -0.002736
37 39 -0.006318
37 40 -0.009478
37 41 -0.010086
37 42 -0.007354
37 43 -0.002393
37 44 0.002849
37 45 0.006764
37 46 0.008386
37 47 0.007466
37 48 0.004846
37 49 0.002347
38 0 -0.000099
38 1 0.000709
38 2 0.002465
38 3 0.003127
38 4 0.001717
38 5 -0.001025
38 6 -0.003160
38 7 -0.002724
38 8 0.001007
38 9 0.006739
38 10 0.011503
38 11 0.012271
38 12 0.008052
38 13 0.000993
38 14 -0.004670
38 15 -0.005540
38 16 -0.001752
38 17 0.002986
38 18 0.004374
38 19 0.001046
38 20 -0.004531
38 21 -0.008453
38 22 -0.008628
38 23 -0.005951
38 24 -0.002847
38 25 -0.001033
38 26 -0.000542
38 27 -0.000414
38 28 0.000002
38 29 0.000480
38 30 0.000429
38 31 -0.000253
38 32 -0.001018
38 33 -0.001219
38 34 -0.000642
38 35 0.000449
38 36 0.001410
38 37 0.001278
38 38 -0.000740
38 39 -0.004323
38 40 -0.007737
38 41 -0.008977
38 42 -0.007314
38 43 -0.003539
38 44 0.001021
38 45 0.005153
38 46 0.007617
38 47 0.007381
38 48 0.004682
38 49 0.001439
39 0 -0.002712
39 1 -0.002113
39 2 -0.000002
39 3 0.001150
39 4 -0.000115
39 5 -0.003183
39 6 -0.005783
39 7 -0.005411
39 8 -0.001067
39 9 0.005666
39 10 0.011145
39 11 0.011866
39 12 0.006993
39 13 -0.000685
39 14 -0.006425
39 15 -0.006891
39 16 -0.002701
39 17 0.002044
39 18 0.003107
39 19 -0.000446
39 20 -0.005727
39 21 -0.008740
39 22 -0.007677
39 23 -0.003913
39 24 -0.000300
39 25 0.001273
39 26 0.000952
39 27 0.000168
39 28 0.000087
39 29 0.000701
39 30 0.001163
39 31 0.000809
39 32 -0.000173
39 33 -0.000977
39 34 -0.000859
39 35 0.000324
39 36 0.001921
39 37 0.002680
39 38 0.001500
39 39 -0.001547
39 40 -0.004985
39 41 -0.007006
39 42 -0.006774
39 43 -0.004552
39 44 -0.000975
39 45 0.003099
39 46 0.006138
39 47 0.006390
39 48 0.003536
39 49 -0.000438
40 0 -0.005295
40 1 -0.005081
40 2 -0.002381
40 3 -0.000119
40 4 -0.000582
40 5 -0.003793
40 6 -0.007506
40 7 -0.008636
40 8 -0.005429
40 9 0.000949
40 10 0.006790
40 11 0.008300
40 12 0.004460
40 13 -0.002020
40 14 -0.006581
40 15 -0.006250
40 16 -0.001951
40 17 0.002316
40 18 0.002862
40 19 -0.000625
40 20 -0.005031
40 21 -0.006701
40 22 -0.004447
40 23 -0.000124
40 24 0.003292
40 25 0.004068
40 26 0.002625
40 27 0.000721
40 28 -0.000123
40 29 0.000313
40 30 0.001073
40 31 0.001067
40 32 0.000061
40 33 -0.001205
40 34 -0.001679
40 35 -0.000799
40 36 0.001051
40 37 0.002663
40 38 0.002738
40 39 0.000900
40 40 -0.001942
40 41 -0.004330
40 42 -0.005256
40 43 -0.004343
40 44 -0.001542
40 45 0.002550
40 46 0.006067
40 47 0.006566
40 48 0.003220
40 49 -0.001895
41 0 -0.007338
41 1 -0.007690
41 2 -0.004266
41 3 -0.000347
41 4 0.000745
41 5 -0.002097
41 6 -0.007073
41 7 -0.010644
41 8 -0.009996
41 9 -0.005217
41 10 0.000597
41 11 0.003649
41 12 0.002388
41 13 -0.001328
41 14 -0.003839
41 15 -0.002786
41 16 0.000877
41 17 0.003760
41 18 0.003132
41 19 -0.000563
41 20 -0.004116
41 21 -0.004457
41 22 -0.001205
41 23 0.003320
41 24 0.006203
41 25 0.006038
41 26 0.003515
41 27 0.000539
41 28 -0.001179
41 29 -0.001158
41 30 -0.000240
41 31 0.000251
41 32 -0.000389
41 33 -0.001792
41 34 -0.002920
41 35 -0.002853
41 36 -0.001402
41 37 0.000705
41 38 0.002219
41 39 0.002214
41 40 0.000745
41 41 -0.001306
41 42 -0.002836
41 43 -0.002840
41 44 -0.000608
41 45 0.003514
41 46 0.007376
41 47 0.007951
41 48 0.003938
41 49 -0.002537
42 0 -0.008592
42 1 -0.009486
42 2 -0.005442
42 3 0.000202
42 4 0.003282
42 5 0.001508
42 6 -0.004134
42 7 -0.010053
42 8 -0.012502
42 9 -0.010196
42 10 -0.005056
42 11 -0.000483
42 12 0.001360
42 13 0.000989
42 14 0.000671
42 15 0.002030
42 16 0.004332
42 17 0.005138
42 18 0.002843
42 19 -0.001385
42 20 -0.004361
42 21 -0.003681
42 22 0.000237
42 23 0.004698
42 24 0.006990
42 25 0.006133
42 26 0.003026
42 27 -0.000488
42 28 -0.002733
42 29 -0.003026
42 30 -0.001934
42 31 -0.000778
42 32 -0.000670
42 33 -0.001823
42 34 -0.003542
42 35 -0.004704
42 36 -0.004392
42 37 -0.002485
42 38 0.000115
42 39 0.002016
42 40 0.002293
42 41 0.001053
42 42 -0.000685
42 43 -0.001418
42 44 0.000177
42 45 0.004094
42 46 0.008126
42 47 0.008877
42 48 0.004607
42 49 -0.002717
43 0 -0.008586
43 1 -0.009833
43 2 -0.005676
43 3 0.000973
43 4 0.005729
43 5 0.005476
43 6 0.000224
43 7 -0.006956
43 8 -0.011978
43 9 -0.012405
43 10 -0.008755
43 11 -0.003622
43 12 0.000467
43 13 0.002691
43 14 0.003891
43 15 0.005057
43 16 0.005861
43 17 0.004867
43 18 0.001402
43 19 -0.002963
43 20 -0.005288
43 21 -0.003843
43 22 0.000306
43 23 0.004299
43 24 0.005825
43 25 0.004480
43 26 0.001402
43 27 -0.001794
43 28 -0.003773
43 29 -0.003906
43 30 -0.002503
43 31 -0.000670
43 32 0.000314
43 33 -0.000305
43 34 -0.002375
43 35 -0.004844
43 36 -0.006188
43 37 -0.005340
43 38 -0.002577
43 39 0.000520
43 40 0.002203
43 41 0.001762
43 42 -0.000072
43 43 -0.001535
43 44 -0.000802
43 45 0.002575
43 46 0.006650
43 47 0.007972
43 48 0.004415
43 49 -0.002543
44 0 -0.006847
44 1 -0.008218
44 2 -0.004730
44 3 0.001570
44 4 0.006899
44 5 0.008018
44 6 0.004116
44 7 -0.002753
44 8 -0.008984
44 9 -0.011636
44 10 -0.010022
44 11 -0.005700
44 12 -0.001136
44 13 0.001964
44 14 0.003441
44 15 0.003999
44 16 0.003854
44 17 0.002368
44 18 -0.000702
44 19 -0.003945
44 20 -0.004997
44 21 -0.002808
44 22 0.001123
44 23 0.004035
44 24 0.004264
44 25 0.002212
44 26 -0.000577
44 27 -0.002751
44 28 -0.003631
44 29 -0.003069
44 30 -0.001351
44 31 0.000787
44 32 0.002319
44 33 0.002302
44 34 0.000350
44 35 -0.002893
44 36 -0.005745
44 37 -0.006424
44 38 -0.004460
44 39 -0.001221
44 40 0.001112
44 41 0.001158
44 42 -0.000792
44 43 -0.002997
44 44 -0.003321
44 45 -0.000801
44 46 0.003160
44 47 0.005400
44 48 0.003536
44 49 -0.001719
45 0 -0.003644
45 1 -0.004841
45 2 -0.002630
45 3 0.001977
45 4 0.006459
45 5 0.008245
45 6 0.006128
45 7 0.000969
45 8 -0.004782
45 9 -0.008476
45 10 -0.008734
45 11 -0.006154
45 12 -0.002790
45 13 -0.000626
45 14 -0.000178
45 15 -0.000562
45 16 -0.000921
45 17 -0.001400
45 18 -0.002388
45 19 -0.003190
45 20 -0.002323
45 21 0.000619
45 22 0.003922
45 23 0.005141
45 24 0.003419
45 25 0.000142
45 26 -0.002533
45 27 -0.003434
45 28 -0.002755
45 29 -0.001274
45 30 0.000413
45 31 0.002044
45 32 0.003374
45 33 0.003838
45 34 0.002713
45 35 -0.000100
45 36 -0.003394
45 37 -0.005188
45 38 -0.004338
45 39 -0.001645
45 40 0.000746
45 41 0.001025
45 42 -0.001027
45 43 -0.003930
45 44 -0.005439
45 45 -0.004122
45 46 -0.000675
45 47 0.002325
45 48 0.002490
45 49 -0.000269
46 0 -0.000134
46 1 -0.000746
46 2 0.000174
46 3 0.002424
46 4 0.004989
46 5 0.006539
46 6 0.006035
46 7 0.003336
46 8 -0.000544
46 9 -0.003839
46 10 -0.005077
46 11 -0.004202
46 12 -0.002745
46 13 -0.002532
46 14 -0.003917
46 15 -0.005502
46 16 -0.005758
46 17 -0.004582
46 18 -0.002877
46 19 -0.000968
46 20 0.001679
46 21 0.004978
46 22 0.007243
46 23 0.006466
46 24 0.002551
46 25 -0.002192
46 26 -0.004936
46 27 -0.004585
46 28 -0.002262
46 29 0.000041
46 30 0.001152
46 31 0.001345
46 32 0.001611
46 33 0.002347
46 34 0.002778
46 35 0.001843
46 36 -0.000334
46 37 -0.002159
46 38 -0.002026
46 39 0.000046
46 40 0.002324
46 41 0.002811
46 42 0.000787
46 43 -0.002670
46 44 -0.005375
46 45 -0.005553
46 46 -0.003217
46 47 -0.000186
46 48 0.001471
46 49 0.001133
47 0 0.002385
47 1 0.002714
47 2 0.002885
47 3 0.003011
47 4 0.003353
47 5 0.004004
47 6 0.004542
47 7 0.004241
47 8 0.002820
47 9 0.000966
47 10 -0.000143
47 11 -0.000127
47 12 -0.000102
47 13 -0.001626
47 14 -0.004749
47 15 -0.007530
47 16 -0.007867
47 17 -0.005534
47 18 -0.001994
47 19 0.001476
47 20 0.004670
47 21 0.007340
47 22 0.008123
47 23 0.005512
47 24 -0.000069
47 25 -0.005756
47 26 -0.008266
47 27 -0.006555
47 28 -0.002571
47 29 0.000474
47 30 0.000716
47 31 -0.001066
47 32 -0.002444
47 33 -0.001711
47 34 0.000568
47 35 0.002334
47 36 0.002301
47 37 0.001265
47 38 0.001090
47 39 0.002627
47 40 0.004807
47 41 0.005637
47 42 0.003946
47 43 0.000357
47 44 -0.003142
47 45 -0.004660
47 46 -0.003755
47 47 -0.001532
47 48 0.000534
47 49 0.001774
48 0 0.003192
48 1 0.004458
48 2 0.004566
48 3 0.003435
48 4 0.002052
48 5 0.001673
48 6 0.002618
48 7 0.003975
48 8 0.004580
48 9 0.004266
48 10 0.003900
48 11 0.004033
48 12 0.003799
48 13 0.001748
48 14 -0.002094
48 15 -0.005543
48 16 -0.006175
48 17 -0.003682
48 18 0.000097
48 19 0.003276
48 20 0.005302
48 21 0.006173
48 22 0.005168
48 23 0.001328
48 24 -0.004744
48 25 -0.010197
48 26 -0.011731
48 27 -0.008397
48 28 -0.002696
48 29 0.001221
48 30 0.000838
48 31 -0.002737
48 32 -0.005839
48 33 -0.005483
48 34 -0.001860
48 35 0.002165
48 36 0.003958
48 37 0.003441
48 38 0.002649
48 39 0.003342
48 40 0.005258
48 41 0.006560
48 42 0.005697
48 43 0.002813
48 44 -0.000445
48 45 -0.002373
48 46 -0.002474
48 47 -0.001427
48 48 -0.000021
48 49 0.001529
49 0 0.002227
49 1 0.003949
49 2 0.004464
49 3 0.003166
49 4 0.001112
49 5 0.000122
49 6 0.001031
49 7 0.002953
49 8 0.004342
49 9 0.004674
49 10 0.004803
49 11 0.005514
49 12 0.006096
49 13 0.004972
49 14 0.001873
49 15 -0.001236
49 16 -0.001952
49 17 0.000072
49 18 0.002899
49 19 0.004445
49 20 0.004207
49 21 0.002737
49 22 0.000162
49 23 -0.003952
49 24 -0.009169
49 25 -0.013230
49 26 -0.013268
49 27 -0.008422
49 28 -0.001294
49 29 0.003556
49 30 0.003143
49 31 -0.001425
49 32 -0.005826
49 33 -0.006194
49 34 -0.002329
49 35 0.002478
49 36 0.004667
49 37 0.003499
49 38 0.001187
49 39 0.000362
49 40 0.001620
49 41 0.003393
49 42 0.003840
49 43 0.002625
49 44 0.000929
49 45 -0.000009
49 46 -0.000073
49 47 0.000061
49 48 0.000138
49 49 0.000719
